category	Middle-aged vs Young (Female, SPF)	Middle-aged vs Young (Female, GF)	Middle-aged vs Young (Male, SPF)	Middle-aged vs Young (Male, GF)	Old vs Young (Female, SPF)	Old vs Young (Female, GF)	Old vs Young (Male, SPF)	Old vs Young (Male, GF)	Old vs Middle-aged (Female, SPF)	Old vs Middle-aged (Female, GF)	Old vs Middle-aged (Male, SPF)	Old vs Middle-aged (Male, GF)
04672	NA	NA	NA	NA	0.00970137603762145	0.00326221235695229	0.00516010128565322	0.00593016203640024	NA	NA	NA	NA
04060	NA	NA	NA	0.00311411974051557	0.0137584681723345	1.57626745036007e-05	0.0373887435291869	NA	NA	NA	NA	NA
03030	NA	NA	NA	NA	NA	NA	0.0373887435291869	NA	NA	NA	NA	NA
04744	NA	NA	NA	NA	NA	0.008165541776981	NA	NA	NA	NA	NA	NA
04145	NA	NA	NA	NA	0.00367928207581034	0.0181319116830383	0.00471510033342278	NA	NA	NA	0.0462151422708909	NA
05323	NA	NA	NA	NA	0.0139983924270746	NA	0.00997410780574318	0.0325112848505718	NA	NA	NA	NA
05150	NA	NA	NA	NA	0.0390766676164063	0.0181319116830383	0.00471510033342278	0.00593016203640024	NA	NA	0.00127494538505847	NA
05330	NA	NA	NA	NA	0.0159490183546406	0.0181319116830383	0.00684037088401756	0.00593016203640024	NA	NA	NA	NA
05310	NA	NA	NA	NA	0.028319375995656	0.0297767608134087	0.0373887435291869	0.00593016203640024	NA	NA	NA	NA
05144	NA	NA	NA	0.0380667288839051	NA	NA	0.0392350979278396	NA	NA	NA	NA	NA
04514	NA	NA	NA	0.00104352692968758	0.0139983924270746	0.008165541776981	0.00684037088401756	0.0298958426345515	NA	NA	NA	NA
04940	NA	NA	NA	NA	0.0390766676164063	NA	0.00471510033342278	0.0243090986019568	NA	NA	NA	NA
04640	NA	NA	NA	NA	0.00367928207581034	0.000398157705734089	NA	NA	NA	NA	NA	NA
04612	NA	NA	NA	NA	0.00674274051106206	0.0422365778681441	0.0068849124531469	0.0147480631557147	NA	NA	NA	NA
05332	NA	NA	NA	NA	0.0159490183546406	0.0181319116830383	0.0208959869302894	0.00593016203640024	NA	NA	NA	NA
05322	NA	NA	NA	NA	NA	NA	NA	0.0325112848505718	NA	NA	NA	NA
04062	NA	NA	NA	NA	NA	0.040097999107663	NA	NA	NA	NA	NA	NA
05320	NA	NA	NA	NA	NA	NA	0.0451959350590357	0.00593016203640024	NA	NA	NA	NA
04620	NA	NA	NA	NA	NA	NA	0.0373887435291869	NA	NA	NA	NA	NA
05140	NA	NA	NA	NA	NA	NA	0.00531221585862939	0.0249627780261644	NA	NA	0.0128184127397371	NA
00561	NA	NA	NA	NA	NA	NA	0.023387769610708	NA	NA	NA	NA	NA
00100	NA	NA	NA	NA	NA	NA	NA	NA	NA	NA	0.0371151521422889	NA
04710	NA	NA	NA	NA	0.0366766560131915	NA	NA	NA	NA	0.00515865067044636	NA	NA
03010	NA	NA	NA	NA	NA	NA	1.39937858621292e-06	0.00593016203640024	NA	NA	1.02439790814983e-07	NA
00920	NA	NA	NA	NA	NA	NA	NA	0.04218236699831	NA	NA	NA	NA
