genes	GF vs SPF (Young)	GF vs SPF (Old)
1	1700112E06Rik	-3.53225205836148	-4.01467512380257
2	Adora3	-0.569479601105067	-0.390432445209541
3	Ahsa1	-0.650757894335365	0.402570913577696
4	Ak1	-0.793105745209251	NA
5	Aldh1a3	-5.73422605911387	-5.67088636565196
6	Arl2bp	0.783183912669505	NA
7	Atp2a3	1.68846813585822	NA
8	B3galnt1	0.749497201970126	NA
9	B4galnt1	0.79607016099881	0.634880038342038
10	Bri3bp	0.685998745513859	NA
11	Capg	0.860105269409634	NA
12	Cd44	3.79146992060164	NA
13	Clic6	-21.0953958427535	NA
14	Ctse	5.46497440950836	2.32564348830436
15	Cybb	2.39587742558015	NA
16	Cyp4f13	0.503851445829654	0.488946658778086
17	Cyp4f16	1.07630635482365	0.795709542782105
18	Cyp4f18	3.02488002892288	NA
19	Dnaja4	-0.763293972611014	0.40738398383344
20	Eml2	4.38014089767228	NA
21	Ephx1	0.827294183605587	NA
22	Ero1lb	-1.71574891436963	-1.22769209405455
23	Fam110a	-0.69979655591313	NA
24	Fcrls	-0.71404159976839	-0.427599522123303
25	G530011O06Rik	-2.79068547961637	-1.71415948879681
26	Gal3st4	-0.523376780874829	NA
27	Galnt6	1.84834928952685	NA
28	Gcnt2	1.35098856875971	NA
29	Glb1l2	7.10547373514	NA
30	Gpr137b	1.29678894696873	1.02350676011405
31	Gpr137b-ps	-3.16489516517751	-3.14964316220047
32	Gpr65	1.3002295767118	NA
33	Gstm1	1.2027493859443	0.93515089234134
34	Gsto1	0.84646086521265	NA
35	Hsp90ab1	-0.993243615416312	0.473055027403185
36	Hspa8	-0.94826616862682	0.470375212004909
37	Htra3	0.973906405633592	0.744366050365364
38	Icam2	2.07496103384522	NA
39	Kcnma1	-1.01080318516453	-0.800763756740072
40	Mcur1	-1.00632337801651	-1.00314506278451
41	Mtfp1	0.85768892261239	0.73172996131699
42	Nceh1	0.796686633021894	NA
43	Nnt	0.982945095020483	1.50043471351219
44	Nr1d2	-1.27435733709542	-0.785986836719498
45	Nrbf2	-0.653799413107892	NA
46	Nt5c	0.765322649690069	0.743981059996081
47	P4ha1	-1.01030010265511	NA
48	Pdia3	-0.456003326694453	NA
49	Pdia6	-0.558264587770438	NA
50	Perp	1.28144175329701	NA
51	Pik3ip1	1.6969216263416	1.2551337451779
52	Plcd3	8.86383765327602	5.45235174914342
53	Plcl2	-0.44423270092336	NA
54	Pstpip1	2.26768864926717	NA
55	Rab4a	1.39951906750828	1.47816001621853
56	Rell1	-1.21292145511701	-1.54337104264279
57	Scimp	1.66010445546963	NA
58	Sdc3	-1.00231012605016	-0.75570285416401
59	Sdf2l1	-0.643045557683305	NA
60	Sept6	1.01507670974745	NA
61	Sqrdl	-0.521341425318351	NA
62	Srgn	0.777132827958834	NA
63	Stip1	-1.0548139483314	0.569818948781639
64	Sult1a1	1.00768014634981	1.69213957488611
65	Tmed1	0.902957494547906	0.418939261520965
66	Tmem154	1.66189148680455	NA
67	Tnfsf13b	0.831630300919396	NA
68	Top2a	-3.87770322534715	NA
69	Tspan33	0.556547990289631	0.745035278092542
70	Tuba4a	1.16307905112717	0.697679828310021
71	Ube2c	-5.70506075721755	NA
72	Upk1b	-0.613413118664971	NA
73	Wdfy1	2.47552168882414	3.3517662825196
74	0610009O20Rik	NA	0.535077026470492
75	0610030E20Rik	NA	-0.740228653596725
76	0610040B10Rik	NA	-2.19834701460443
77	1110006O24Rik	NA	-1.4282337339024
78	Card19	NA	0.390177632694021
79	1110038F14Rik	NA	0.507038876567
80	1700001C19Rik	NA	-0.862750063828786
81	1700008J07Rik	NA	-1.46931057805624
82	1700011I03Rik	NA	-0.831750516694453
83	1700012D14Rik	NA	-1.35131616067865
84	1700017B05Rik	NA	0.406900635206322
85	1700029J07Rik	NA	-2.47170144473297
86	1700034I23Rik	NA	-4.39851274957701
87	Zfp974	NA	-0.955949836187588
88	1700066B19Rik	NA	-1.63906798251555
89	1700109H08Rik	NA	-2.10376498971029
90	1700110C19Rik	NA	-1.66832074514528
91	1810013L24Rik	NA	-0.515879045096838
92	1810037I17Rik	NA	-0.484367262304806
93	2010016I18Rik	NA	-2.19975018333265
94	2010107G23Rik	NA	1.04089134793781
95	2210408I21Rik	NA	-0.84858039223229
96	2310001H17Rik	NA	-1.59978297906356
97	2310011J03Rik	NA	0.390155558116666
98	2310036O22Rik	NA	0.366287551977638
99	Borcs6	NA	0.552254172808893
100	2410021H03Rik	NA	-4.70063352572159
101	2610005L07Rik	NA	-0.579060092534136
102	2610008E11Rik	NA	-0.722511589422347
103	Ccdc191	NA	-0.643743771826603
104	Hpf1	NA	-0.572946522670768
105	2700038G22Rik	NA	-2.58978413890841
106	2810013P06Rik	NA	-0.612910176937044
107	2810417H13Rik	NA	-2.10052612686519
108	2810454H06Rik	NA	-1.82281538956437
109	2810474O19Rik	NA	-0.497840026511382
110	2900005J15Rik	NA	-1.14300566338857
111	2900097C17Rik	NA	-0.679777147073545
112	3000002C10Rik	NA	-2.06774829629702
113	3110002H16Rik	NA	0.423744045525748
114	3110056K07Rik	NA	-0.816038887480513
115	3830406C13Rik	NA	-0.46866048570632
116	4632415L05Rik	NA	-0.760232324025659
117	4632427E13Rik	NA	-1.1877095480003
118	4632428C04Rik	NA	-3.12663170934243
119	Vsir	NA	0.332077732672422
120	4831440E17Rik	NA	-2.22830738695531
121	4921511C10Rik	NA	-1.87913169919661
122	4921531C22Rik	NA	-0.725529773729403
123	4930412C18Rik	NA	-5.97124683459385
124	4930451G09Rik	NA	-2.12531255814193
125	4930502E18Rik	NA	-5.26081567288167
126	4930506C21Rik	NA	-2.45408905764736
127	4930507D05Rik	NA	-4.04462695275391
128	4930563E22Rik	NA	-2.40717129094992
129	4930579G18Rik	NA	-2.14428804940577
130	4930594C11Rik	NA	-2.16430487149951
131	4930595D18Rik	NA	-2.3894623700742
132	4930599N23Rik	NA	-1.65266944302352
133	4931402G19Rik	NA	-1.23928149065702
134	4931406H21Rik	NA	-1.0424069000656
135	4931431C16Rik	NA	-0.556945074814596
136	4932438A13Rik	NA	-1.20570187944809
137	4933431G14Rik	NA	-2.82147024393579
138	5430405H02Rik	NA	-0.828445798122029
139	5930430L01Rik	NA	-2.46322446682394
140	6230400D17Rik	NA	-1.63970359607435
141	6330407A03Rik	NA	-2.19813007854891
142	6330409D20Rik	NA	-3.80272912320886
143	8030423J24Rik	NA	-1.71993123068357
144	8430408G22Rik	NA	-2.20315816809717
145	9030624J02Rik	NA	0.34815410068947
146	9130023H24Rik	NA	-0.744734222567789
147	9330136K24Rik	NA	-2.00856608335647
148	9330151L19Rik	NA	-1.88243474626533
149	9330175E14Rik	NA	-2.17509953509256
150	9530062K07Rik	NA	-1.15089686989131
151	9930021J03Rik	NA	-0.549989523330032
152	A130010J15Rik	NA	-0.510086121448007
153	A430035B10Rik	NA	-1.5179593237901
154	A430093F15Rik	NA	-4.56379022908316
155	A430105I19Rik	NA	3.69616633737661
156	A530088E08Rik	NA	-1.31634136496522
157	A630033H20Rik	NA	-0.66470860928035
158	A630066F11Rik	NA	-1.16519224382203
159	A630072M18Rik	NA	-1.21321640991173
160	A830080D01Rik	NA	-0.907321360744441
161	A830082N09Rik	NA	-6.80103483545109
162	AI504432	NA	-1.54714466264701
163	AI846148	NA	0.738806662032525
164	AW549877	NA	-0.743967959348619
165	Aak1	NA	-0.577155798622333
166	Aars2	NA	0.823509165663697
167	Aasdh	NA	-1.00215203839471
168	Abca1	NA	-0.498192960080143
169	Abca4	NA	-5.1932432544187
170	Abcd1	NA	0.38101693048581
171	Abcd4	NA	0.551627120091761
172	Abcf1	NA	0.643868134386464
173	Abcf2	NA	0.415525276016085
174	Abcf3	NA	0.363447272931869
175	Abcg3	NA	0.6790545676101
176	Abhd13	NA	-0.548623842467934
177	Abhd14b	NA	0.844994091207169
178	Abhd15	NA	0.547874860612243
179	Abhd4	NA	0.293876026405298
180	Abi3	NA	0.606540514112438
181	Abtb1	NA	0.57393637554154
182	Acaa1a	NA	0.518891129632197
183	Acaa2	NA	0.619396611907042
184	Acaca	NA	-0.97286334238573
185	Acadm	NA	0.365058164213549
186	Acadvl	NA	0.586378053928715
187	Acap2	NA	-0.503904705485582
188	Acbd4	NA	0.793070869089918
189	Acd	NA	0.593119685258894
190	Acer3	NA	-0.601048796511412
191	Aco2	NA	0.431887574053141
192	Acot7	NA	0.71293790733404
193	Acot8	NA	0.505167059651732
194	Acsf2	NA	0.791833261213084
195	Acsl1	NA	0.455125970485951
196	Actb	NA	0.59985737163844
197	Actg1	NA	-0.481078539392404
198	Actn4	NA	0.681068595922129
199	Actr1a	NA	0.295289371852293
200	Actr1b	NA	0.369971693545683
201	Actr2	NA	-0.441089495149045
202	Actr3	NA	-0.241308993620601
203	Acy1	NA	0.570798822393746
204	Adam1a	NA	-3.77451645824093
205	Adam9	NA	-0.307884861553855
206	Adamts16	NA	-1.42237890201055
207	Coq8a	NA	0.716946130559661
208	Adck5	NA	0.863022470490023
209	Adcy3	NA	-0.980462525705397
210	Adcy8	NA	-0.917027375667227
211	Adcy9	NA	-0.439804927640558
212	Adgrg3	NA	-6.37258958555174
213	Adh5	NA	0.255759838120008
214	Adhfe1	NA	-0.875614029699005
215	Ado	NA	-0.582059952997211
216	Adprh	NA	0.263183743939234
217	Adrb1	NA	0.688920911593913
218	Adrb2	NA	-0.358614975761338
219	Grk2	NA	0.472040701334362
220	Grk3	NA	-1.19895376802744
221	Adrm1	NA	0.419971100355597
222	Adsl	NA	0.43335424757577
223	Afap1l1	NA	0.741649302121779
224	Aff4	NA	-0.708013445425069
225	Agap3	NA	0.826562006092296
226	Agbl3	NA	-0.627899821051852
227	Agl	NA	-0.695223407167517
228	Ago3	NA	-1.05007005177694
229	Agpat2	NA	0.319056278593084
230	Agps	NA	-0.657693658129836
231	Aim2	NA	-0.487838378258508
232	Akap11	NA	-0.935962908622568
233	Akap9	NA	-0.441884200975029
234	Akr1b10	NA	0.421537462641453
235	Akr1e1	NA	-0.587104420190534
236	Akr7a5	NA	0.509703569442919
237	Akt1	NA	0.482111343435616
238	Aldh3b1	NA	0.459912339104493
239	Aldh4a1	NA	0.451527203212998
240	Aldh7a1	NA	0.37974101236854
241	Aldoa	NA	0.473982721829268
242	Alg8	NA	-0.409383673608088
243	Alkbh8	NA	-0.454497062828269
244	Alox5	NA	0.980566603113634
245	Ammecr1	NA	-1.20601361383216
246	Ammecr1l	NA	-0.451699337801306
247	Ampd3	NA	0.433110801175263
248	Anapc10	NA	-0.501925046662564
249	Anapc15	NA	-0.671591807997779
250	Anapc16	NA	0.893089813954658
251	Ang	NA	0.589822873981157
252	Angptl1	NA	-1.95433064007744
253	Ank	NA	-0.440770643665064
254	Ankhd1	NA	-0.672664705091985
255	Ankra2	NA	0.461111524827241
256	Ankrd27	NA	0.381771535874051
257	Ankrd37	NA	-1.66061724062718
258	Ankrd44	NA	-0.325214081145054
259	Anp32e	NA	-0.465397504779018
260	Anxa1	NA	-6.17469327592059
261	Anxa5	NA	0.376973676434449
262	Ap1b1	NA	0.490370075754231
263	Ap1m1	NA	0.359589227833604
264	Ap2m1	NA	0.313081235237464
265	Ap2s1	NA	0.313935615315327
266	Ap3m1	NA	-0.3530330383567
267	Ap5s1	NA	0.498838097317868
268	Apaf1	NA	-0.604622744266797
269	Apbb1	NA	0.68899833375215
270	Apbb1ip	NA	-0.412497772154146
271	Apbb3	NA	0.82740997261019
272	Apln	NA	-3.30647111150978
273	Apobec1	NA	0.499971851306439
274	Apold1	NA	-5.11171290747289
275	Arap2	NA	-1.08506399569338
276	Arf1	NA	0.252996873216471
277	Arf2	NA	0.289864723893073
278	Arfgap1	NA	0.381366261303692
279	Arfgap3	NA	0.375890824549702
280	Arfgef1	NA	-0.675298366598645
281	Arhgap22	NA	0.581172563119246
282	Arhgap25	NA	0.393871052860257
283	Arhgap44	NA	-3.77137335660778
284	Arhgap5	NA	-1.18046313822404
285	Arhgap9	NA	0.380164910258817
286	Arhgdia	NA	0.546815987166488
287	Arhgdib	NA	0.335923312694215
288	Arhgef3	NA	0.587059399633559
289	Arhgef9	NA	-2.14695700945635
290	Arid4a	NA	-0.364094043076624
291	Arid4b	NA	-0.542367544001377
292	Arid5a	NA	0.506706358172116
293	Arl11	NA	0.400415529590421
294	Arl14ep	NA	-0.460916654980561
295	Arl5b	NA	-0.764484320794622
296	Arl6ip6	NA	-0.547735486793733
297	Arl8a	NA	0.849834594986018
298	Armc3	NA	-0.756110644019835
299	Arnt2	NA	-3.31946775611678
300	Arrb2	NA	0.834771256570967
301	Arrdc1	NA	0.51638138736143
302	Arrdc2	NA	0.90508915660356
303	Arsg	NA	0.364089100118596
304	Asb10	NA	-0.665718366556406
305	Asb13	NA	0.585830820628079
306	Asb7	NA	-0.487091210219226
307	Ascc3	NA	-1.03333760113541
308	Asf1a	NA	-0.500112473907742
309	Ash1l	NA	-0.86335477833827
310	Ash2l	NA	0.410456932308958
311	Asns	NA	-1.36741862707088
312	Asph	NA	-0.566246284448225
313	Atad2	NA	-0.769079248333223
314	Atad2b	NA	-1.16489991606625
315	Atad3a	NA	0.473965568117299
316	Atf1	NA	-0.389294446202802
317	Atf2	NA	-0.457781263848394
318	Atf6b	NA	0.509520507071273
319	Atf7	NA	-0.749900110350278
320	Atg16l2	NA	1.17580784408909
321	Atg4b	NA	0.249396239942396
322	Atg9a	NA	0.39617400827359
323	Atl3	NA	-0.827848492927116
324	Atm	NA	-1.12592788899129
325	Atp11c	NA	-1.01987711282645
326	Atp13a3	NA	-0.698784351047003
327	Atp1a1	NA	0.596532793410426
328	Atp2c1	NA	-0.300163408665536
329	Atp5a1	NA	0.27147744729871
330	Atp5b	NA	0.225127864490811
331	Atp5d	NA	0.427184444062256
332	Atp6ap1	NA	0.222420587347821
333	Atp6v0a2	NA	-0.503340262486016
334	Atp6v1e1	NA	0.321003339187571
335	Atp8a1	NA	-0.424418739436975
336	Atpaf1	NA	-0.568456922481628
337	Atpaf2	NA	0.460311056163522
338	Atr	NA	-1.15334620034556
339	Atrx	NA	-0.647852748905858
340	Atxn1	NA	-1.13989012646609
341	Atxn7l2	NA	0.810054086751862
342	Atxn7l3b	NA	-0.323938608926035
343	Aven	NA	0.401090713221409
344	Avl9	NA	-0.780316545873437
345	Axl	NA	-0.898845878107952
346	Azin1	NA	-0.515053358356032
347	B230219D22Rik	NA	-0.614326748052011
348	B3galt2	NA	-3.45373272898654
349	B3gnt2	NA	-0.445707628084347
350	B3gntl1	NA	-0.530766059235894
351	B430010I23Rik	NA	-1.2170628987707
352	B4galnt2	NA	-2.66813766313047
353	B4galt5	NA	-0.621877359879903
354	B4galt6	NA	-0.400977260958956
355	B4galt7	NA	0.493486836968144
356	B4gat1	NA	0.280727835961145
357	Bmt2	NA	-0.672876022327311
358	B930059L03Rik	NA	-1.4588998740296
359	B9d2	NA	0.640695868717809
360	BC005561	NA	-1.23508486510986
361	BC005624	NA	0.509823906873606
362	BC020402	NA	-2.03991438496335
363	BC035044	NA	-0.355632026706975
364	BC037032	NA	-0.752644449247917
365	BC037704	NA	-1.39115731469632
366	BC065397	NA	-1.15107501411859
367	Bach1	NA	-0.697937915767773
368	Bag2	NA	-1.09594489642441
369	Baiap2l1	NA	-1.25461411502826
370	Bap1	NA	0.424596549636258
371	Baz1a	NA	-0.939369910476625
372	Baz1b	NA	-0.493190383934943
373	Bbs1	NA	1.01630697089462
374	Bbs10	NA	-1.12585798653653
375	Bcat2	NA	0.512863520392066
376	Bckdha	NA	0.595567995940973
377	Bcl11a	NA	-1.81741156447575
378	Bcl6b	NA	-1.67397128480773
379	Bcl9	NA	-0.438529064429836
380	Bdp1	NA	-0.748256480970569
381	Bend6	NA	-0.612100305453358
382	Bhlhe41	NA	-0.522904148468935
383	Bin2	NA	0.539263224002231
384	Birc6	NA	-1.32509925712236
385	Blnk	NA	0.332925695294193
386	Bmf	NA	0.69972761419525
387	Bmi1	NA	-0.40843312259052
388	Bmp2k	NA	-0.492671633095048
389	Bmpr2	NA	-0.526612842516239
390	Bmyc	NA	0.504252493404243
391	Bnip3	NA	-0.416970512756031
392	Bop1	NA	0.622948965504116
393	Braf	NA	-0.525596680973989
394	Brca2	NA	-1.24358872509677
395	Brd4	NA	0.318377338433307
396	Brms1	NA	0.342198941434687
397	Brms1l	NA	-0.644605180332003
398	Brsk2	NA	-2.76993327114963
399	Brwd1	NA	-0.489856736839415
400	Brwd3	NA	-2.1517025296323
401	Bsdc1	NA	0.599009384224718
402	Btaf1	NA	-1.01954188729825
403	Btbd6	NA	-0.383867918790973
404	Btbd7	NA	-0.593613870810276
405	Btf3l4	NA	-0.485750684722495
406	Btla	NA	-4.86871250217481
407	Bzw2	NA	0.562302315415379
408	C030006K11Rik	NA	0.635357913038456
409	C030034I22Rik	NA	-1.06859583071856
410	Zfp607b	NA	-2.26285397648118
411	C1qbp	NA	0.294059856783038
412	C1qc	NA	0.291946475743932
413	C1rl	NA	-0.609820670510039
414	C230091D08Rik	NA	-0.896262453074795
415	C2cd2l	NA	0.578741844318944
416	C530008M17Rik	NA	-3.4891142452083
417	C5ar1	NA	0.829111302047083
418	C920021L13Rik	NA	-1.25450535784873
419	Cabin1	NA	0.619083804002375
420	Cables2	NA	0.550659506134486
421	Cacfd1	NA	0.428689838504857
422	Cacna1d	NA	-0.557023585015685
423	Cacna1e	NA	-3.6254118524126
424	Cacng1	NA	-4.84589808747145
425	Cacul1	NA	-0.509402199779669
426	Cahm	NA	-0.975519695657907
427	Calcoco1	NA	0.51937273852545
428	Camk2b	NA	1.21840776919631
429	Camp	NA	-13.1384580245571
430	Camta1	NA	-0.63559060333675
431	Cant1	NA	0.602119855407042
432	Canx	NA	-0.383513635134616
433	Capn1	NA	1.09149626593745
434	Capn2	NA	0.966364896521321
435	Capn3	NA	0.345872498963385
436	Capns2	NA	-2.33099203776708
437	Capza1	NA	-0.414233010848592
438	Car11	NA	1.1537541989834
439	Carhsp1	NA	0.713316536527808
440	Carm1	NA	0.580900457904177
441	Casp8ap2	NA	-0.762694605300104
442	Cav2	NA	-0.880524350834624
443	Cbfa2t2	NA	-0.385921524636955
444	Cbl	NA	-0.588628145221087
445	Cbr1	NA	0.437890201314601
446	Cbr3	NA	0.843870964889309
447	Cbx5	NA	-1.05822694124655
448	Cc2d1a	NA	0.832253013202874
449	Sgf29	NA	0.530144545969825
450	Ccdc102a	NA	0.980223795248517
451	Ccdc122	NA	-0.538078924081246
452	Ccdc130	NA	0.647581072058306
453	Ccdc15	NA	-2.07940949598095
454	Ccdc152	NA	-2.7242175482332
455	Ccdc155	NA	-5.94353214406105
456	Ccdc17	NA	-0.915063615462954
457	Ccdc171	NA	-1.13603204444523
458	Ccdc50	NA	-0.883155502599833
459	Ccdc62	NA	-1.11799638930652
460	Ccdc82	NA	-0.666213952479521
461	Ccdc97	NA	0.527879382621521
462	Cck	NA	-2.91060312324391
463	Ccl12	NA	-1.05255129939181
464	Ccl25	NA	-1.18579230094329
465	Ccm2	NA	0.325191917975501
466	Ccnc	NA	-0.608302096084505
467	Ccnd3	NA	0.566724244506797
468	Ccne2	NA	-1.86885296658428
469	Ccng1	NA	-0.508123602483034
470	Ccni	NA	-0.463795955786629
471	Ccnk	NA	-0.458836631272363
472	Ccnl2	NA	-0.324870646350982
473	Ccnt2	NA	-0.398762069071195
474	Ccpg1	NA	0.320982926503505
475	Ccr1	NA	-0.86724185052423
476	Ccr5	NA	-0.374901488001377
477	Cct3	NA	0.287071942580451
478	Cct5	NA	0.281060866674242
479	Cct7	NA	0.270749577400863
480	Cd14	NA	0.432376307346868
481	Cd151	NA	1.04397325646264
482	Cd177	NA	-10.76118402691
483	Cd180	NA	-1.07055210433427
484	Cd209a	NA	-7.52397178836229
485	Cd209f	NA	-3.68855118741452
486	Cd24a	NA	-3.57987875730792
487	Cd2ap	NA	-0.343019552514608
488	Cd302	NA	-0.439076663508771
489	Cd33	NA	-0.546749119148056
490	Cd3eap	NA	0.614068718469458
491	Cd52	NA	-0.783117680381089
492	Cd79b	NA	0.411527182227
493	Cd83	NA	-0.39977719151536
494	Cd9	NA	-0.58436989176198
495	Cdc37	NA	0.425267413524956
496	Cdc37l1	NA	-0.412544952021141
497	Cdc42bpa	NA	-0.699849278085393
498	Cdc42ep1	NA	1.79757579091739
499	Cdc42ep4	NA	0.548820162189899
500	Cdc42se1	NA	0.248741610245186
501	Cdca4	NA	-0.315438891406724
502	Cdca7	NA	-0.745312284387835
503	Cdh23	NA	0.687393548216099
504	Cdh5	NA	-3.04302158167902
505	Cdk12	NA	-0.649080605734115
506	Cdk13	NA	-0.480681795834138
507	Cdk5rap1	NA	1.71978664629672
508	Cdk5rap3	NA	0.29871243302161
509	Cdk6	NA	-0.825755531081581
510	Cdkal1	NA	0.451322362144173
511	Cdkn1c	NA	0.555099813822033
512	Cdv3	NA	-0.468692410862145
513	Ceacam1	NA	0.446976859209037
514	Cebpb	NA	0.863267269681895
515	Cebpe	NA	-4.77176228643105
516	Cenpi	NA	-2.34230084345631
517	Cep131	NA	1.0123907201197
518	Cep135	NA	-0.876851868741762
519	Cep192	NA	-0.899661450291093
520	Cep350	NA	-0.563795158162453
521	Cep83os	NA	-0.879919514314468
522	Cep85l	NA	-1.36036586240134
523	Cep95	NA	-1.66318660169052
524	Cercam	NA	0.897614945024162
525	Cerk	NA	0.356419545206161
526	Cers6	NA	-1.14408925024848
527	Cfl1	NA	0.381243097304218
528	Cggbp1	NA	-0.648329520599663
529	Cgref1	NA	-1.94741700730968
530	Chaf1b	NA	-3.23006522222609
531	Chchd7	NA	-0.449799289122078
532	Chd2	NA	-0.540286952958012
533	Chd6	NA	-0.937845621242668
534	Chd7	NA	-0.390632757752601
535	Chd8	NA	-0.674754798996442
536	Chd9	NA	-1.31995974943092
537	Cherp	NA	0.771670243491993
538	Chic2	NA	-0.409819140225928
539	Chil1	NA	-3.58141655011508
540	Chil3	NA	-10.3023313471735
541	Chml	NA	-1.00793734074261
542	Chst11	NA	-0.6002159443437
543	Chst12	NA	0.611070402943221
544	Chst8	NA	0.583272114953081
545	Chuk	NA	-0.525524517458909
546	Cir1	NA	0.630023664187604
547	Cisd3	NA	0.916686997721138
548	Ciz1	NA	0.632019986546941
549	Ckap2	NA	-2.31635256745869
550	Clasp2	NA	-0.63043512713064
551	Cldn15	NA	-5.77601480660437
552	Clec2d	NA	1.92131966124035
553	Clic1	NA	0.20454027640256
554	Clk3	NA	0.550186591388505
555	Clmp	NA	-3.90787590612927
556	Clock	NA	-0.67339313860276
557	Cltc	NA	-0.448538018699325
558	Cmas	NA	0.876578587093589
559	Cmip	NA	0.592779103975121
560	Cmpk1	NA	-0.568919462894545
561	Cnot3	NA	0.826344381846437
562	Cnot4	NA	-0.440549108161635
563	Cnot6l	NA	-0.881119528444449
564	Cnp	NA	0.366303094686507
565	Cnppd1	NA	0.342327485991251
566	Cnpy3	NA	0.476146686568876
567	Cntln	NA	-1.31340244693696
568	Cntrl	NA	-1.02335254700733
569	Cog1	NA	0.690421316093376
570	Cog7	NA	0.552360753117661
571	Col25a1	NA	-2.44060670994274
572	Comt	NA	0.347318424962485
573	Copg1	NA	0.443084217672085
574	Coq10a	NA	0.455475103072931
575	Coq9	NA	0.506103020457493
576	Coro1b	NA	0.289892409081383
577	Cotl1	NA	0.821162286503299
578	Cpd	NA	-0.941527336371973
579	Cpeb2	NA	-0.600405399772821
580	Cpeb4	NA	-1.17485704270819
581	Cpne1	NA	0.380279415310549
582	Cpsf3	NA	0.262163915838587
583	Cpsf3l	NA	0.526166259768171
584	Cpsf6	NA	-0.593301489047062
585	Cpt1a	NA	0.367369191430733
586	Cpt2	NA	0.544733422350429
587	Cramp1l	NA	-0.86753267117934
588	Crat	NA	0.445285212130881
589	Crcp	NA	0.514187955679103
590	Creb1	NA	-0.687099455892871
591	Creb3	NA	0.24206376674246
592	Creb5	NA	-1.39336954241164
593	Crebrf	NA	-0.75667660395278
594	Creld1	NA	0.589238863667899
595	Crispld2	NA	-5.61959862539817
596	Crtap	NA	0.558660126635713
597	Crtc2	NA	0.519705515397057
598	Crybb1	NA	1.00889282646764
599	Csf1r	NA	0.353701889934222
600	Csmd3	NA	-1.10631687427818
601	Csnk1g2	NA	0.542370452543474
602	Csnk1g3	NA	-0.48716445041733
603	Csnk2a1	NA	-0.496283916624608
604	Csnk2b	NA	0.296638239812215
605	Cst7	NA	-1.31898291919275
606	Cstf2t	NA	-0.377687324666949
607	Cstf3	NA	-0.70590646416594
608	Ctage5	NA	0.50211008540344
609	Ctbs	NA	-0.513668968632258
610	Ctc1	NA	0.490357842041862
611	Ctcf	NA	-0.273759131392591
612	Ctdspl2	NA	-0.690651542574589
613	Ctnna1	NA	0.591590718227582
614	Ctnnbl1	NA	0.352545618303459
615	Ctnnd1	NA	-0.325895442812047
616	Ctps2	NA	0.229057704238023
617	Ctsa	NA	0.384507141190124
618	Ctsc	NA	0.326843209086125
619	Ctsd	NA	0.38387689242982
620	Ctso	NA	-0.392684257158837
621	Ctss	NA	0.317018683542102
622	Cux1	NA	0.467144289862242
623	Cwc22	NA	0.676361232256947
624	Cxcl10	NA	-1.54626023701705
625	Cxcl13	NA	-2.12967374419414
626	Cxcl16	NA	-0.491424143155435
627	Cxcl17	NA	-2.23179166114495
628	Cyb561a3	NA	-0.701009918340071
629	Cyb5b	NA	-0.336051498513184
630	Cyb5r3	NA	0.452493946210216
631	Cyc1	NA	0.319444013297255
632	Cyld	NA	-0.462084492442236
633	Cyp2j9	NA	-4.96026430862093
634	Cyp51	NA	-0.385958040170877
635	Cyth2	NA	0.499974131897712
636	Cyth4	NA	0.439564124476527
637	D030056L22Rik	NA	-0.486043438954779
638	D130020L05Rik	NA	-1.20370418033708
639	Fam91a1	NA	-0.463499359849708
640	D16Ertd472e	NA	-1.3791401246156
641	D17H6S56E-5	NA	-0.951965581729907
642	Spout1	NA	0.498498965346852
643	D330023K18Rik	NA	-1.05092316745548
644	D730005E14Rik	NA	-1.17011383031227
645	D7Ertd443e	NA	-2.28784477992995
646	D830031N03Rik	NA	-1.59301467281666
647	Dapp1	NA	0.322357728956683
648	Dbndd2	NA	0.397233657641419
649	Dbnl	NA	0.551816532306144
650	Dcaf10	NA	-0.594143884583173
651	Dcaf17	NA	-0.373366790658267
652	Dcakd	NA	0.449126680678524
653	Dcbld2	NA	-0.802226684152
654	Dcp1a	NA	-0.600629395399789
655	Dcp1b	NA	0.814869759421588
656	Dcp2	NA	-0.881128411246512
657	Dcps	NA	0.405630884145171
658	Dcstamp	NA	-5.37085100839985
659	Dctd	NA	-1.00543970234399
660	Dctn2	NA	0.485527334948735
661	Dctn3	NA	0.399964589384407
662	Dcun1d3	NA	-0.583612922807515
663	Dda1	NA	0.560755044661767
664	Ddhd2	NA	-0.601747719268325
665	Ddit4	NA	1.25648217398045
666	Ddo	NA	-5.92567428653158
667	Ddx21	NA	0.417343479045643
668	Ddx23	NA	-1.39849043014848
669	Ddx39b	NA	0.168288099953847
670	Ddx41	NA	0.517189184864759
671	Ddx56	NA	0.270977297662877
672	Ddx60	NA	-1.4440217130315
673	Dennd1b	NA	-0.76074297580719
674	Dennd4a	NA	-0.692597635382198
675	Dennd6a	NA	-0.477728297145448
676	Derl1	NA	-0.239922340054868
677	Dexi	NA	0.508970061623691
678	Dffa	NA	0.711578742134832
679	Dgkd	NA	-0.428744890511659
680	Dgkz	NA	0.611557335829208
681	Dhodh	NA	0.528723315497507
682	Dhrs1	NA	0.258681459649084
683	Dhrs11	NA	0.560131447867096
684	Dhrs3	NA	0.308846402783903
685	Dhrs7	NA	-0.292739867866178
686	Dhx9	NA	-1.00270950098776
687	Diap2	NA	-0.63147938623107
688	Dicer1	NA	-1.0249039991658
689	Dido1	NA	-1.10706064665057
690	Dip2b	NA	-0.413766670654713
691	Dis3	NA	-0.41887579443463
692	Disc1	NA	-0.764625193564936
693	Dixdc1	NA	-2.26203259848179
694	Dkc1	NA	0.553323708849532
695	Dlc1	NA	-1.23184123094055
696	Dlgap4	NA	0.655806879792902
697	Dlst	NA	0.311499777854082
698	Dmtn	NA	0.819583996455909
699	Dmxl1	NA	-1.16378865657829
700	Dmxl2	NA	-1.74899993350317
701	Dnah17	NA	-2.93615431380941
702	Dnajb12	NA	0.555098632859806
703	Dnajb2	NA	0.482547735188292
704	Dnajc11	NA	0.414080362043201
705	Dnajc17	NA	0.530411898117625
706	Dnajc3	NA	-0.287359471275021
707	Dnajc8	NA	0.32933396564544
708	Dnmt3a	NA	-0.570617968829898
709	Dnmt3aos	NA	-4.69547860533815
710	Dnpep	NA	0.602429284941518
711	Doc2a	NA	0.598420739031855
712	Dock4	NA	-0.528062389464377
713	Dock7	NA	-0.616061884015674
714	Dock8	NA	-0.300321062954071
715	Dok3	NA	0.984258045778483
716	Dpf2	NA	0.276320761942667
717	Dpp8	NA	-0.465693641762466
718	Dpp9	NA	0.458015785349131
719	Dpy19l1	NA	-0.441867639267325
720	Dpy19l3	NA	-0.537340949734285
721	Dpy19l4	NA	-0.77361602274558
722	Dpysl2	NA	-0.94238203403937
723	Dr1	NA	-0.703204422824263
724	Drg2	NA	0.485015881003016
725	Dsp	NA	7.28207326725056
726	Dtd2	NA	-0.550587564113316
727	Dtl	NA	-6.90292846311146
728	Duoxa1	NA	-0.906613705731446
729	Dus1l	NA	0.327036702516886
730	Dusp1	NA	1.82455634424886
731	Dusp28	NA	0.52238711888325
732	Dusp6	NA	0.363408572823869
733	Dut	NA	-0.689799661323785
734	Dvl1	NA	0.933178352567496
735	Dxo	NA	0.636255640260445
736	Dym	NA	0.485787028889141
737	Dync1h1	NA	-0.442429370627864
738	Dync1li1	NA	0.241308395094226
739	Dync2h1	NA	-1.09374991818143
740	Dynlt3	NA	-0.455768379247354
741	Dyrk1a	NA	-0.474302206094706
742	E030024N20Rik	NA	-1.98007027206717
743	E130215H24Rik	NA	-1.19052727397191
744	E130317F20Rik	NA	-1.04901223249283
745	E2f4	NA	0.464426130650015
746	E330020D12Rik	NA	-1.70892933104216
747	E330033B04Rik	NA	-1.05539890391834
748	E4f1	NA	0.798919225809233
749	E530011L22Rik	NA	-2.78152819353535
750	Ebi3	NA	-0.613759464999289
751	Ecd	NA	0.407177699991288
752	Ece1	NA	0.85160214261811
753	Ech1	NA	0.371173998522502
754	Eci2	NA	0.36200937194728
755	Ecscr	NA	-0.339990634033119
756	Edem1	NA	-0.564876177765554
757	Edem3	NA	-0.570397872744296
758	Eef1a1	NA	-0.645221007807406
759	Eef2k	NA	0.392948433730214
760	Eefsec	NA	0.511220753194835
761	Efcab11	NA	-4.54152010299739
762	Efcab14	NA	-0.329954466299729
763	Efcab2	NA	-0.948515162411611
764	Egf	NA	-4.24113035756442
765	Ehbp1l1	NA	0.528611378589949
766	Eif2ak1	NA	0.48929591147803
767	Eif2ak3	NA	0.506016444056377
768	Eif2ak4	NA	0.491778767446194
769	Eif2b2	NA	0.389682540750795
770	Eif2b5	NA	0.360967765951902
771	Eif3c	NA	0.381319548149217
772	Eif3d	NA	0.364375121287658
773	Eif3g	NA	0.431582432934324
774	Eif3l	NA	0.281634615473449
775	Eif4a1	NA	0.398967708676733
776	Eif4a3	NA	0.22097869118542
777	Eif4ebp1	NA	0.305642971436629
778	Elac1	NA	-0.472669546793217
779	Elane	NA	-30.0460584913933
780	Elavl4	NA	-1.45977536900167
781	Eldr	NA	-4.44340724208479
782	Elk4	NA	-1.0457828306676
783	Elmo2	NA	0.706681632458854
784	Elmod3	NA	0.393289063593286
785	Elmsan1	NA	-0.521368176757348
786	Emc10	NA	0.389222469557982
787	Emd	NA	1.02245447490089
788	Emp3	NA	0.851627455412158
789	Endod1	NA	-0.279661705367593
790	Eno3	NA	0.590213469803367
791	Entpd1	NA	0.361330884345313
792	Entpd6	NA	0.39814894667027
793	Entpd7	NA	-0.507689584816989
794	Ep300	NA	-0.788755177671517
795	Epha1	NA	-1.75886428723625
796	Epm2aip1	NA	-1.03373951786178
797	Eprs	NA	0.457035171142583
798	Ept1	NA	-0.671326250113582
799	Erbin	NA	-0.406367472404067
800	Ercc1	NA	0.513328353033368
801	Ercc3	NA	0.609495917419712
802	Erlin2	NA	-0.349976264135972
803	Ero1l	NA	-0.347345248831289
804	Errfi1	NA	-0.485853908019722
805	Esco1	NA	-0.620937161459197
806	Esrrg	NA	-5.30810425942273
807	Ethe1	NA	0.636714609223052
808	Etnk1	NA	-0.779049035351388
809	Etohd2	NA	-1.11429298689457
810	Ets2	NA	0.636005772380215
811	Etv3	NA	-0.436291791546024
812	Eva1a	NA	-0.455807954492498
813	Eva1b	NA	0.607045594965268
814	Evi2a	NA	-0.692876053974451
815	Ewsr1	NA	-0.34722447277609
816	Exosc3	NA	-0.502684622446563
817	Exosc5	NA	0.397500059376735
818	Eya4	NA	-0.969725320323666
819	Ezr	NA	0.920894382105132
820	F630206G17Rik	NA	-5.31769922211812
821	Fadd	NA	0.427411687126886
822	Fads3	NA	-1.55014114923919
823	Fam102b	NA	-0.516660944897585
824	Fam104a	NA	0.31184688047068
825	Fam107b	NA	-0.444723586030879
826	Fam120aos	NA	-1.09921958702523
827	Fam126a	NA	-0.712616825963269
828	Fam126b	NA	-0.811027012597908
829	Fam134b	NA	-0.261651981254846
830	Fam167a	NA	-4.89655396804284
831	Fam168a	NA	0.492062149372734
832	Fam175a	NA	-0.652762331659953
833	Fam179b	NA	-0.500115866773248
834	Fam196a	NA	-1.61077823745626
835	Fam196b	NA	-2.16096538988786
836	Fam199x	NA	-0.958175439129853
837	Fam207a	NA	0.453307440101277
838	Fam208a	NA	-0.794335659091965
839	Fam208b	NA	-0.611632425260117
840	Fam21	NA	0.687075204165104
841	Fam210a	NA	-0.797894702270144
842	Fam213a	NA	-0.455219120085381
843	Fam214a	NA	1.05275333594661
844	Fam219a	NA	0.750212171052816
845	Fam32a	NA	0.279012843424421
846	Fam3a	NA	0.43601494888714
847	Fam46c	NA	-0.750130502528713
848	Fam50a	NA	0.450020135593759
849	Fam65a	NA	0.421040206290248
850	Fam76b	NA	-0.840667055295797
851	Fam89b	NA	0.535278862628856
852	Fam92a	NA	-0.939583662030892
853	Fan1	NA	-1.08419391796926
854	Far2	NA	-3.22510238728522
855	Farsa	NA	0.482803912406411
856	Farsb	NA	0.220270231123943
857	Fat3	NA	-2.46840514818594
858	Fbn1	NA	4.84720550681638
859	Fbxl4	NA	-0.458098744800332
860	Fbxo17	NA	1.94570497193741
861	Fbxo18	NA	0.399914325830074
862	Fbxo30	NA	-0.914331864147
863	Fbxo33	NA	-0.383890746392909
864	Fbxo36	NA	-0.899644149223759
865	Fbxo47	NA	-2.23694796378122
866	Fbxo48	NA	-2.70880042058962
867	Fbxo9	NA	0.430914327046709
868	Fbxw2	NA	-0.334175337168098
869	Fbxw5	NA	0.415360663955628
870	Fcgr3	NA	0.697153563888529
871	Fchsd2	NA	-0.501713205190981
872	Fcnb	NA	-8.72217505846228
873	Fcrl1	NA	0.242448982004368
874	Fdxr	NA	0.638421120309932
875	Fem1b	NA	-0.952926878098581
876	Fem1c	NA	-0.766370632432374
877	Fermt3	NA	0.629382525167243
878	Fes	NA	0.534478694211769
879	Fez2	NA	0.382868385344985
880	Fgd3	NA	-0.6212769493484
881	Fgd4	NA	-0.656884067207922
882	Fgl2	NA	-1.19808377944263
883	Fgr	NA	-0.894095623129147
884	Fh1	NA	0.321729771041673
885	Fignl1	NA	-1.48809412543371
886	Fkbp4	NA	0.452404774756154
887	Fkbp5	NA	1.15088791249945
888	Fkbp6	NA	-3.78428869948183
889	Fkrp	NA	0.398425597269813
890	Flot1	NA	0.480688280828516
891	Flywch1	NA	0.647484291653652
892	Fmn1	NA	-1.14664830677739
893	Fmr1	NA	-0.530062453318531
894	Fnbp4	NA	-0.690764599541399
895	Fndc7	NA	-2.73545899544584
896	Fnip1	NA	-0.491893574102958
897	Folr2	NA	-1.37535746235821
898	Fosl2	NA	-0.601597100583916
899	Foxk2	NA	-0.343015307292578
900	Foxn2	NA	-1.04020437864087
901	Foxp1	NA	0.387261682529706
902	Fpgt	NA	-0.718320600893785
903	Frmd8	NA	0.360878089902206
904	Frs2	NA	-0.750259904932329
905	Fryl	NA	-0.928042203428289
906	Ftsj1	NA	0.537701296139721
907	Furin	NA	0.636073390347089
908	Fv1	NA	-1.46056685310588
909	Fxn	NA	0.837121565461235
910	Fyttd1	NA	-0.413956420793238
911	Fzd6	NA	-5.48237021095493
912	G6pd2	NA	1.17770348422595
913	G6pdx	NA	0.686366973350382
914	Gabarapl1	NA	0.562128832298339
915	Gabpa	NA	-0.389939276031236
916	Gabpb1	NA	-0.533581431165789
917	Gabpb2	NA	-1.04289318905834
918	Gabrq	NA	-5.64223221558859
919	Galk1	NA	0.462672291733457
920	Galk2	NA	0.309739336513843
921	Galnt4	NA	-0.537152338320938
922	Gamt	NA	0.435124728501125
923	Gas6	NA	-0.377234622475067
924	Gatad2a	NA	0.378876563922594
925	Gatad2b	NA	-1.18777372370079
926	Gatc	NA	0.314288431257352
927	Gatm	NA	-0.494046947358175
928	Gba2	NA	0.569064525351713
929	Gbp3	NA	0.645008833883535
930	Gbp7	NA	0.830353864417568
931	Gbp9	NA	-0.686486521026547
932	Gca	NA	-0.888465767409416
933	Gcnt7	NA	-0.895409195065036
934	Gdap10	NA	-1.78071339754836
935	Gdpd1	NA	0.542953292853805
936	Gem	NA	-0.972626704193589
937	Gfm2	NA	-0.473349627895813
938	Gfpt1	NA	-0.381873591561633
939	Gga3	NA	0.361701935427739
940	Ggnbp2os	NA	-1.17798176677665
941	Ggps1	NA	-0.611188808381262
942	Ghdc	NA	0.4120761676217
943	Glb1	NA	0.403956638150438
944	Glg1	NA	0.374074058359778
945	Glo1	NA	0.299170389362483
946	Glrp1	NA	-0.613809350050553
947	Gls	NA	-0.957133533636268
948	Glul	NA	0.448769684024499
949	Gm10033	NA	-0.754211566964724
950	Gm10509	NA	-0.586586064672783
951	Gm10578	NA	-4.74368678860223
952	Gm10790	NA	-0.343562832620463
953	Gm11423	NA	-1.14707094660958
954	Gm12522	NA	-1.84194814884197
955	Gm13710	NA	-2.33775580980941
956	Gm14023	NA	-1.57813372985745
957	Gm14092	NA	-4.51811696050696
958	Gm15326	NA	-3.5328090389327
959	Gm15612	NA	-5.34099202014293
960	Gm15708	NA	-2.18372603007666
961	Gm15800	NA	-1.40719225328368
962	Gm15850	NA	-1.6254315445684
963	Gm16617	NA	-1.68562297482789
964	Gm16907	NA	-1.59758150657901
965	Gm17066	NA	-1.34297609443607
966	Gm1821	NA	0.764628279427027
967	Gm19522	NA	-3.25823343748609
968	Gm19689	NA	-2.03027757596603
969	Gm20199	NA	-2.3654343307059
970	Gm20300	NA	-0.755091061942025
971	Gm29811	NA	-1.89561793666451
972	Gm2a	NA	0.35637057883732
973	Gm3414	NA	-1.02964077374128
974	Gm35612	NA	-3.44993646796382
975	Gm3716	NA	-3.02163897808322
976	Gm4890	NA	-1.80177358506916
977	Gm5544	NA	-1.6100699800148
978	Gm5547	NA	-2.09270036849655
979	Gm6297	NA	-5.2074139327111
980	Gm6525	NA	-4.56437750545476
981	Gm826	NA	-2.00715544454588
982	Gm9776	NA	-0.62774135295105
983	Gmeb1	NA	-0.657441773836141
984	Gmip	NA	0.414506162281897
985	Gna13	NA	-0.501413754777087
986	Gng10	NA	-0.514992312674698
987	Gnl2	NA	0.352930121280665
988	Gnpat	NA	0.280402884477842
989	Gnptg	NA	0.30585714308264
990	Gns	NA	0.354570205130435
991	Golm1	NA	0.247060935554435
992	Golt1b	NA	-0.366876070988678
993	Gorasp2	NA	0.230608113218671
994	Got2	NA	0.638313197358481
995	Gpaa1	NA	0.309843290181174
996	Gpd1	NA	1.31408907059185
997	Gpi1	NA	0.420387998487847
998	Gpr108	NA	0.244597634516967
999	Gpr155	NA	-0.383448634951109
1000	Gpr19	NA	-1.63609945534975
1001	Gpr22	NA	-1.96853768885645
1002	Gpr37l1	NA	-6.31831596935438
1003	Gpr68	NA	-4.05512110068999
1004	Gpr84	NA	-0.470838894613947
1005	Gps1	NA	0.346437282931438
1006	Gps2	NA	0.402010324347898
1007	Gpsm3	NA	0.519307349556849
1008	Gramd4	NA	0.680494280965444
1009	Grk6	NA	0.606162761149
1010	Grn	NA	0.24480234728465
1011	Gsdmd	NA	0.445532199821914
1012	Gsg2	NA	-0.698570250265162
1013	Gsk3a	NA	0.431396539160678
1014	Gsk3b	NA	-0.451398802367478
1015	Gspt2	NA	-3.59082891167672
1016	Gss	NA	0.480586634017982
1017	Gtdc1	NA	-0.452485571367431
1018	Gtf2a1	NA	-0.673574858130163
1019	Gtf2h4	NA	0.528862095426597
1020	Gtf3c4	NA	-0.55480458231223
1021	Gtf3c5	NA	0.379097261316995
1022	Gtpbp10	NA	-0.63499295324338
1023	Guf1	NA	-0.680557467642892
1024	H13	NA	0.258652404501467
1025	H2-DMb1	NA	0.28286901800643
1026	H2-DMb2	NA	0.579044400121065
1027	H2-Ke6	NA	0.3346465113494
1028	H2-T23	NA	0.288637551004524
1029	H60b	NA	-1.9288215434693
1030	Hacd4	NA	-0.461197285697993
1031	Hagh	NA	0.549730854903262
1032	Haus8	NA	0.592514392699463
1033	Havcr2	NA	0.618767912736769
1034	Hbegf	NA	0.974591350384006
1035	Hck	NA	0.443689599075285
1036	Hdc	NA	-4.65257768798617
1037	Hdgf	NA	0.51891872423596
1038	Hdgfrp2	NA	0.667885844343929
1039	Hectd1	NA	-0.514687007133081
1040	Hells	NA	-2.9849367848457
1041	Herc1	NA	-1.50080281609995
1042	Herc2	NA	-0.820963070467657
1043	Hes6	NA	0.437812805638771
1044	Hgs	NA	0.462434442870272
1045	Hif1a	NA	-0.739818150729553
1046	Hif1an	NA	-0.658465504945284
1047	Hipk3	NA	-0.608114238796985
1048	Hist1h2ba	NA	4.79521082716148
1049	Hist1h4d	NA	-0.616811630810328
1050	Hist3h2ba	NA	3.23775425562018
1051	Hist4h4	NA	2.06911025558722
1052	Hjurp	NA	-0.700919701412881
1053	Hk1	NA	0.730598260649763
1054	Hlf	NA	-0.670606208536861
1055	Hmces	NA	0.663055608459489
1056	Hmg20b	NA	0.641171266282582
1057	Hmgcs1	NA	-0.438064178885641
1058	Hmgn2	NA	-0.720129160607807
1059	Hmha1	NA	0.54567496465768
1060	Hmox2	NA	0.380243303204947
1061	Hnrnpa0	NA	-0.435494136061795
1062	Hnrnpf	NA	0.268685990771264
1063	Hnrnph1	NA	-0.476892448406893
1064	Hook3	NA	-0.575340912886665
1065	Hp	NA	-9.25759873556055
1066	Hpgd	NA	0.403970251657043
1067	Hps4	NA	0.387668386204868
1068	Hsd11b1	NA	-7.1058498792904
1069	Hsd17b10	NA	0.336387858659343
1070	Hsf1	NA	0.507199987188716
1071	Hspa4	NA	0.287899202640632
1072	Htr2b	NA	-2.52955349272764
1073	Htt	NA	-2.08552135040648
1074	Hus1	NA	-0.632848418870476
1075	Huwe1	NA	-0.735794399640231
1076	Ick	NA	0.446977428492987
1077	Icosl	NA	0.42996185802505
1078	Idh2	NA	0.397157276814333
1079	Idh3g	NA	0.464061136332658
1080	Ier2	NA	1.12956801535102
1081	Ier3	NA	1.2296687226234
1082	Ifit2	NA	-1.13276270758691
1083	Ifitm6	NA	-5.75739649311976
1084	Ifngr1	NA	0.322396398268298
1085	Igf1r	NA	-0.634829457401046
1086	Igfbp4	NA	-0.832837794307924
1087	Igip	NA	-1.46726586089112
1088	Igsf6	NA	0.609389789353278
1089	Ikzf1	NA	-0.411454001164
1090	Ikzf2	NA	-0.884654061428612
1091	Il10ra	NA	0.320373781181485
1092	Il13ra1	NA	-0.521449089018946
1093	Il16	NA	0.257590595663733
1094	Il17ra	NA	0.632051721762278
1095	Il6ra	NA	0.685376551412115
1096	Il6st	NA	-1.13882936382461
1097	Ilk	NA	0.361223706971269
1098	Immp1l	NA	-0.801596024625311
1099	Immp2l	NA	-0.777429289614195
1100	Immt	NA	0.385523629021213
1101	Imp4	NA	0.243247203544567
1102	Impad1	NA	-0.76644729211151
1103	Inafm1	NA	0.401559183203319
1104	Ing4	NA	0.348410881418286
1105	Ino80b	NA	0.604757893060631
1106	Ino80d	NA	-0.840915799699272
1107	Ino80dos	NA	-1.40864264872448
1108	Ino80e	NA	0.462210125444846
1109	Inpp4b	NA	-1.14964152018838
1110	Inpp5b	NA	0.376669329754683
1111	Inpp5d	NA	0.494868912104291
1112	Insig2	NA	-0.33508856676683
1113	Insr	NA	-0.988921266320434
1114	Irak1	NA	0.363172543770032
1115	Ireb2	NA	-0.579480349007469
1116	Irf3	NA	0.60322459658812
1117	Irf4	NA	-1.067079411487
1118	Irf5	NA	0.3929878328282
1119	Isoc1	NA	-0.410772486943367
1120	Ispd	NA	-3.60002468434773
1121	Isyna1	NA	0.429816806483044
1122	Itfg2	NA	0.670934553416034
1123	Fam234a	NA	0.681872955667282
1124	Itgae	NA	-1.06296033558918
1125	Itgav	NA	-0.630191349841053
1126	Itgb2l	NA	-7.79829880409322
1127	Itgb3	NA	-1.10228090620598
1128	Itgb3bp	NA	-0.822865271995447
1129	Itgb5	NA	0.432609106772659
1130	Itpripl1	NA	-0.469608751359964
1131	Itsn2	NA	-0.43548362230658
1132	Ivd	NA	0.493220323279376
1133	Iws1	NA	-0.707929280146541
1134	Jak1	NA	0.378435371841576
1135	Jazf1	NA	-1.64090290056678
1136	Jdp2	NA	0.869811467787666
1137	Jmjd1c	NA	-0.537868888718884
1138	Jmjd8	NA	0.414703108547304
1139	Jpx	NA	-1.35209630934851
1140	Jrkl	NA	-0.742321085983759
1141	Jun	NA	0.817475616496647
1142	Jund	NA	0.807525476421671
1143	Kank3	NA	0.702288706910041
1144	Kansl1l	NA	-0.430194804460026
1145	Kansl3	NA	0.68748386778194
1146	Kat2a	NA	0.553005811096065
1147	Kat2b	NA	-0.792324951950773
1148	Kat6a	NA	-0.695637954363577
1149	Kat6b	NA	-0.959878048034228
1150	Katnbl1	NA	-0.584297723080016
1151	Kbtbd6	NA	-4.03761509284402
1152	Kbtbd7	NA	-0.592135118744024
1153	Kbtbd8	NA	-0.818178316698484
1154	Kcmf1	NA	-0.255033325536734
1155	Kcnj2	NA	-0.998276168396321
1156	Kcnk13	NA	-0.299501938704406
1157	Kcnq1ot1	NA	-1.2760561307946
1158	Kcnt1	NA	6.71949450794295
1159	Kcp	NA	1.25994389973724
1160	Kctd11	NA	-0.49426605481373
1161	Kctd12	NA	-0.669124921011424
1162	Kdm2a	NA	-0.39773775845571
1163	Kdm3b	NA	-0.365094215588622
1164	Kdm5a	NA	-0.40351191854497
1165	Kdm5d	NA	-0.792727197700504
1166	Keap1	NA	0.457385323140381
1167	Khdrbs1	NA	-0.333370604593304
1168	Kif1b	NA	-0.546586572436892
1169	Kif24	NA	-1.28299836081558
1170	Kif5b	NA	-0.680961956194574
1171	Kif9	NA	-1.13078873350523
1172	Klf12	NA	-0.505359334096323
1173	Klf13	NA	0.763726587858612
1174	Klf2	NA	1.18613716243777
1175	Klf3	NA	-0.364382846196131
1176	Klhdc10	NA	-0.565120112093122
1177	Klhdc3	NA	0.323055239576513
1178	Klhdc8b	NA	0.572119126663659
1179	Klhl11	NA	-1.24342285910716
1180	Klhl7	NA	-0.439750456091291
1181	Klhl9	NA	-0.837931898717515
1182	Klk9	NA	-2.55928715394356
1183	Klrd1	NA	-0.819238418114974
1184	Klri1	NA	-5.1501104058621
1185	Kmt2a	NA	-0.724287111319957
1186	Kmt2c	NA	-0.733416394450832
1187	Kpna3	NA	-0.390658370658513
1188	Kpna4	NA	-0.550109278781885
1189	Kpnb1	NA	-0.300038503795094
1190	Krcc1	NA	-0.568988007981769
1191	Krit1	NA	-0.531365985166463
1192	Lacc1	NA	-0.365670844542143
1193	Lactb2	NA	-0.466801477831138
1194	Lamb2	NA	0.947805109363205
1195	Lamp2	NA	-0.400870904005203
1196	Lamtor2	NA	0.348081397144419
1197	Laptm5	NA	0.197716976734082
1198	Larp4	NA	-0.626178782830045
1199	Larp7	NA	0.442376299995417
1200	Lars2	NA	-0.803540473433609
1201	Lats1	NA	-0.905101040168609
1202	Lclat1	NA	-0.50480718858772
1203	Lcn2	NA	-12.4196022549336
1204	Lcor	NA	-0.748952558232076
1205	Lcorl	NA	-0.700693868735018
1206	Ldhb	NA	0.303545846621797
1207	Ldlr	NA	-2.01796441193098
1208	Ldlrap1	NA	0.335050292050759
1209	Lemd2	NA	0.608140045753496
1210	Lgals8	NA	0.351421411308133
1211	Lgr4	NA	-1.59955919384591
1212	Lig4	NA	-1.08079172241714
1213	Lims1	NA	-0.58727104967194
1214	Lin54	NA	-0.466315304873271
1215	Lin7c	NA	-0.571913873918801
1216	Lncpint	NA	-1.29595834947576
1217	Lipe	NA	0.397826829017078
1218	Lman1	NA	-0.359652670452724
1219	Lmf2	NA	0.537476496448268
1220	Lmo2	NA	-0.313753162063424
1221	Lnpep	NA	-0.82798631991936
1222	Lonrf3	NA	-1.04103321452624
1223	Lpar6	NA	-0.441854530153019
1224	Lpcat2	NA	-0.413114200502104
1225	Lpin1	NA	0.472680788671879
1226	Lrg1	NA	-3.73955761474145
1227	Lrif1	NA	-0.50849685059492
1228	Lrig2	NA	-0.461863644948151
1229	Lrmp	NA	0.474927523753855
1230	Lrp10	NA	0.416976206460654
1231	Lrp12	NA	-0.420589023166987
1232	Lrp4	NA	-1.32363171316321
1233	Lrp6	NA	-0.487937355216292
1234	Lrpap1	NA	0.395085989327771
1235	Lrrc29	NA	-2.65818987742742
1236	Lrrc39	NA	-0.683039470141582
1237	Lrrc51	NA	-0.672949724801412
1238	Lrrc58	NA	-0.408386516444389
1239	Lrrcc1	NA	-0.613345888984095
1240	Lrrtm2	NA	-1.68131221975233
1241	Lsm14b	NA	-1.32176600749049
1242	Lsp1	NA	0.457880120042
1243	Lsr	NA	-1.05954724469133
1244	Ltf	NA	-13.6543760367402
1245	Luc7l3	NA	-1.21432718094575
1246	Ly6c2	NA	-4.34214788183524
1247	Ly86	NA	-1.14781768602447
1248	Lyn	NA	0.150620107690039
1249	Lypla2	NA	0.3814711974212
1250	Lyst	NA	-1.68008575135398
1251	Lztr1	NA	0.511581335924238
1252	Macf1	NA	-0.861320380580874
1253	Macrod1	NA	0.90793840716664
1254	Mad1l1	NA	0.626083764401014
1255	Mad2l2	NA	0.340769625091387
1256	Madcam1	NA	-3.83374177193121
1257	Maf	NA	-0.684713613995957
1258	Maf1	NA	0.390088600549366
1259	Mafb	NA	0.402474347808016
1260	Mag	NA	0.449476875836703
1261	Malat1	NA	-2.16364579936399
1262	Malsu1	NA	-0.396691547339154
1263	Man1a2	NA	-0.271984257572011
1264	Manba	NA	0.329656942551271
1265	Manea	NA	-0.764480217699372
1266	Map1lc3a	NA	0.486999040133534
1267	Map1lc3b	NA	0.329284543970057
1268	Map2k3	NA	0.493357098141153
1269	Map3k2	NA	-0.965167822211297
1270	Map3k3	NA	0.447705358460537
1271	Map3k8	NA	-0.880047524370639
1272	Map3k9	NA	-0.661301497303214
1273	Map4	NA	-0.387444227168245
1274	Mapk14	NA	0.184102908144775
1275	Mapk1ip1	NA	0.567755656595359
1276	Mapk6	NA	-0.446682151640376
1277	Mapre2	NA	0.245476119450815
1278	Mapre3	NA	0.801833835726039
1279	Marcks	NA	-0.294054698966499
1280	Marf1	NA	-0.882273842035259
1281	Mat2a	NA	0.312508708951127
1282	Matk	NA	0.496328754046488
1283	Matn2	NA	-1.98625559922314
1284	Mbd3	NA	0.450940151400868
1285	Mbd5	NA	-0.940097447443415
1286	Mbnl1	NA	-0.579855935575908
1287	Mbnl3	NA	-4.35598513767547
1288	Mboat1	NA	-0.96007435190868
1289	Mbtd1	NA	-0.742052358707027
1290	Mcemp1	NA	-4.68195670458512
1291	Mcm2	NA	-1.01406644510386
1292	Mcm4	NA	-0.509142570629672
1293	Mcm5	NA	-1.07801997815821
1294	Mcm6	NA	-0.677500155192357
1295	Mcrs1	NA	0.455870748725849
1296	Mdh1	NA	0.216158613199264
1297	Mdh2	NA	0.254935277684996
1298	Mdn1	NA	-1.56896722033223
1299	Med1	NA	-0.385439025527431
1300	Med12l	NA	-0.888679102721466
1301	Med13	NA	-0.953749043444147
1302	Med13l	NA	-0.5804485162864
1303	Med15	NA	0.526470763873677
1304	Med25	NA	0.625824776141489
1305	Med28	NA	-0.335129140312541
1306	Mef2c	NA	-0.240349667500995
1307	Memo1	NA	-0.696091310843425
1308	Men1	NA	0.637012100652016
1309	Mettl10	NA	-0.548047989333666
1310	Mettl3	NA	0.619650455475406
1311	Mettl4	NA	-0.905994224687832
1312	Mettl7a1	NA	0.508243498213238
1313	Mex3c	NA	-0.538217784928982
1314	Mfge8	NA	0.836043063537649
1315	Mfsd4a	NA	-0.814113977719162
1316	Mfsd5	NA	0.252739408819222
1317	Mga	NA	-0.59444955000239
1318	Mgat4a	NA	-0.867062873507334
1319	Mgat5	NA	-1.29892994576962
1320	Mgea5	NA	-0.896419528103142
1321	Mgst2	NA	-3.7495131189884
1322	Mgst3	NA	0.491778641720085
1323	Mib1	NA	-0.819288350565366
1324	Mical1	NA	0.630117058242553
1325	Mid1ip1	NA	0.398282108056282
1326	Mier1	NA	-0.709414541606964
1327	Mir1931	NA	-1.9896187717027
1328	Mir6236	NA	-1.68686805366068
1329	Mir6345	NA	-3.92400993312263
1330	Mir6374	NA	-2.72302557520295
1331	Mir6902	NA	-2.62177152897483
1332	Mir8112	NA	-0.758214606903388
1333	Mir99ahg	NA	-1.35343008575908
1334	Mitf	NA	-0.660720055740764
1335	Mlf2	NA	0.438499719195026
1336	Mllt10	NA	-0.564170016281038
1337	Mlph	NA	0.762066895585927
1338	Mlxipl	NA	0.588595565170726
1339	Mmd	NA	-0.644434870141091
1340	Mmgt1	NA	-0.540236177643077
1341	Mmp11	NA	0.919646772199161
1342	Mmp14	NA	1.03388703083211
1343	Mob1a	NA	-0.449618127575278
1344	Mob1b	NA	-1.04025155546142
1345	Mob3a	NA	0.585627536147593
1346	Mocs1	NA	0.567892514024889
1347	Mon2	NA	-0.460523874363047
1348	Morc3	NA	-0.337906188204202
1349	Mospd2	NA	-0.886481730754162
1350	Mpc1	NA	-0.497838021747066
1351	Mplkip	NA	-0.505536236393034
1352	Mpp1	NA	0.327496135545535
1353	Mpp6	NA	-0.321255832182367
1354	Mr1	NA	0.440084995953799
1355	Mreg	NA	-5.10747675456395
1356	Mrgbp	NA	0.739845784271738
1357	Mrpl10	NA	0.259701308079124
1358	Mrpl27	NA	0.307727890594834
1359	Mrpl40	NA	0.371582936433883
1360	Mrps12	NA	0.548383978355547
1361	Mrps26	NA	0.347380853495412
1362	Mrps34	NA	0.374357026773977
1363	Ms4a3	NA	-7.50848255744043
1364	Msh2	NA	0.467010711124658
1365	Msl2	NA	-0.611497206375274
1366	Msr1	NA	1.06610150665973
1367	Msra	NA	0.516707542048304
1368	Mss51	NA	-4.07516334805943
1369	Mt2	NA	-2.08561405621368
1370	Mta3	NA	0.295991070170836
1371	Mtf2	NA	-0.414756524106598
1372	Mthfd2	NA	-0.650686899175252
1373	Mtif2	NA	-0.366797827578469
1374	Mtmr1	NA	-0.460639779491227
1375	Mtmr14	NA	0.379059118994434
1376	Mtmr7	NA	-4.39463498567189
1377	Mtss1	NA	-0.460552749179326
1378	Mtus1	NA	0.273307326004798
1379	Mtx1	NA	0.436269847413696
1380	Mtx3	NA	-1.47279927216136
1381	Mum1	NA	0.686328729899936
1382	Mvp	NA	0.487854605231926
1383	Mxd4	NA	0.64347862006958
1384	Mybbp1a	NA	0.637199699948393
1385	Myc	NA	0.63450037293052
1386	Mycbp2	NA	-0.652632475658196
1387	Mycl	NA	0.575263591154474
1388	Myd88	NA	0.2475854805532
1389	Myg1	NA	0.35921023514978
1390	Myl12b	NA	0.380940041576213
1391	Mylip	NA	-0.546515736590482
1392	Myo1c	NA	0.531710990317786
1393	Myo1e	NA	-0.710489662855633
1394	Myo1g	NA	0.66055477608876
1395	Myo5a	NA	-1.23708636036736
1396	Myo9a	NA	-1.05247812386428
1397	Mysm1	NA	-0.446671495987975
1398	N4bp2l2	NA	-0.482555104250199
1399	Naa15	NA	-0.484207244196149
1400	Naa30	NA	-0.586418449196772
1401	Naa50	NA	-0.363226973514216
1402	Nabp2	NA	0.58267313852534
1403	Nacc2	NA	0.45357154064699
1404	Nadk2	NA	-0.415261290201835
1405	Naga	NA	0.244433836500195
1406	Naip5	NA	-0.439414569821141
1407	Napa	NA	0.347167323355859
1408	Napb	NA	-1.12406727358733
1409	Nars	NA	0.286280618781251
1410	Nat10	NA	0.58903415628985
1411	Nat2	NA	-0.788493733537892
1412	Nat6	NA	0.570380983805866
1413	Nav2	NA	-0.867278437495867
1414	Nav3	NA	-0.777119818146134
1415	Nbea	NA	-1.04603247739086
1416	Nbeal1	NA	-1.69022060938444
1417	Nbr1	NA	0.385600243413309
1418	Ncf1	NA	0.476087282127934
1419	Nckipsd	NA	0.574235681599244
1420	Ncoa6	NA	0.63377984704239
1421	Nde1	NA	0.444018205526879
1422	Ndrg3	NA	0.326454985420145
1423	Ndufa10	NA	0.379511543679909
1424	Ndufaf6	NA	-0.609151577903911
1425	Ndufs2	NA	0.288668514449347
1426	Necap2	NA	0.31977960576247
1427	Nedd4l	NA	0.69680730249155
1428	Nek7	NA	-0.373831700822334
1429	Nemf	NA	-0.625379370056619
1430	Nenf	NA	-0.299820447427184
1431	Neurl1a	NA	0.752045116932285
1432	Neurl3	NA	-0.309344883350022
1433	Nf1	NA	-1.00948685415863
1434	Nfam1	NA	0.398881810124758
1435	Nfe2l2	NA	0.314319782439442
1436	Nfix	NA	0.568734133986112
1437	Nfkbia	NA	0.640369907097531
1438	Nfs1	NA	0.373705135492028
1439	Nfyc	NA	0.311760746236221
1440	Ngp	NA	-14.7730287056153
1441	Nhlrc2	NA	-0.41115381385913
1442	Nid2	NA	-0.595219154525782
1443	Nif3l1	NA	0.434644395027525
1444	Ninj1	NA	0.359211460095923
1445	Nisch	NA	0.444599306921878
1446	Nktr	NA	-0.771508542490289
1447	Nlrc5	NA	-2.4666964648037
1448	Nlrp1b	NA	-1.10139900032834
1449	Nlrp1c-ps	NA	-3.4494065493807
1450	Nlrx1	NA	0.484425555457363
1451	Nme2	NA	-0.325253248899417
1452	Nmrk1	NA	-0.978775984037117
1453	Nmt1	NA	0.268709926453789
1454	Noc2l	NA	0.591402006058424
1455	Noc4l	NA	0.529935453727769
1456	Nolc1	NA	0.807238511730521
1457	Nono	NA	0.250544180027305
1458	Nop56	NA	0.410348091476915
1459	Nop58	NA	-0.474266855980783
1460	Nos1ap	NA	-0.600015270038501
1461	Nosip	NA	0.680063078034441
1462	Notch2	NA	-0.803452684916514
1463	Notch4	NA	2.05725219083199
1464	Npc1	NA	-0.2844609223666
1465	Npepl1	NA	0.495992489329813
1466	Npff	NA	-4.30887335753395
1467	Npnt	NA	-0.601257272308031
1468	Nprl2	NA	0.521857216207347
1469	Nr1h2	NA	0.680770104961283
1470	Nr2c2ap	NA	0.555088117856162
1471	Nr3c1	NA	-0.525690967100687
1472	Nras	NA	-0.386955397888137
1473	Nrg4	NA	-4.87826787827147
1474	Nron	NA	-1.48207261652326
1475	Nrp	NA	-1.09855407141246
1476	Nrp1	NA	-0.713455158034319
1477	Nsd1	NA	-0.643153278379925
1478	Nsfl1c	NA	0.295181653722173
1479	Nsun4	NA	0.418141562315489
1480	Nt5dc2	NA	0.52518037593324
1481	Ntmt1	NA	0.53099533637524
1482	Nuak2	NA	0.663446424319273
1483	Nubp2	NA	0.276280319527363
1484	Nucb1	NA	0.525574945050128
1485	Nucks1	NA	-0.75831137130865
1486	Nudt1	NA	0.621189150849179
1487	Nudt7	NA	-0.421293849973542
1488	Nufip2	NA	-0.606342223237649
1489	Nup153	NA	-0.383306118471313
1490	Nup210l	NA	-2.09350637954903
1491	Nup37	NA	-0.648117360434488
1492	Nup88	NA	0.267568566527269
1493	Nvl	NA	-0.648076829647676
1494	Oaf	NA	-0.440527921575361
1495	Oas1a	NA	-0.675266357316339
1496	Oasl2	NA	-0.730483501614667
1497	Odf2	NA	0.621158822675974
1498	Ogfrl1	NA	0.638972368667453
1499	Oip5	NA	-5.0830101864536
1500	Olfm4	NA	-2.26809690959749
1501	Olfml3	NA	-0.337705615252652
1502	Omg	NA	-5.62512601561513
1503	Opa3	NA	0.670610025567707
1504	Orc6	NA	-0.784636967358109
1505	Orm1	NA	-5.29338058839496
1506	Ormdl1	NA	-0.489007459836773
1507	Ormdl3	NA	0.44825421737016
1508	Os9	NA	0.391693687984416
1509	Osbpl2	NA	0.277606015127925
1510	Osbpl8	NA	-0.611568279960733
1511	Osgin1	NA	1.01380828640832
1512	Osm	NA	0.611282381488305
1513	Otub1	NA	0.411187986835887
1514	Otud1	NA	-0.583115800902977
1515	Otud3	NA	1.2853986962703
1516	Otud4	NA	-0.619748951253291
1517	Ovca2	NA	-0.306724990509577
1518	P2rx1	NA	-0.607936380680276
1519	P3h1	NA	0.93970915765883
1520	Pa2g4	NA	0.348156887725352
1521	Padi2	NA	0.581645738046732
1522	Padi4	NA	-5.64517318585924
1523	Paf1	NA	0.528443592857978
1524	Pafah1b1	NA	-0.384993510953968
1525	Pank3	NA	-0.783439823362052
1526	Papss1	NA	0.28657977912248
1527	Papss2	NA	-5.71147315273276
1528	Pard3b	NA	-0.764071051237176
1529	Parp1	NA	0.438715906009131
1530	Parp11	NA	-0.663521096067218
1531	Parp14	NA	-0.483781429613575
1532	Parp4	NA	-0.898297513671968
1533	Parpbp	NA	-5.85573929408862
1534	Particl	NA	-0.974516482320085
1535	Paxbp1	NA	-0.676792308504892
1536	Pbrm1	NA	-0.429166337951212
1537	Pbxip1	NA	0.57060043086625
1538	Pcdhga12	NA	-0.871634109274614
1539	Pcdhga6	NA	-5.25236134770705
1540	Pcdhga9	NA	-3.94018216927086
1541	Pced1a	NA	0.755514099550067
1542	Pcf11	NA	-0.598968962954653
1543	Pck2	NA	0.599696542851662
1544	Pcm1	NA	-0.836911690242659
1545	Pcmtd1	NA	-0.425550905548599
1546	Pcp4	NA	-0.952733278322823
1547	Pcyox1	NA	0.374631417489096
1548	Pdcd1	NA	-1.00837986700481
1549	Pddc1	NA	0.38570590110456
1550	Pde4a	NA	0.667745992800542
1551	Pdik1l	NA	-0.485784939052952
1552	Pdk2	NA	0.6818474290166
1553	Pdpk1	NA	-0.486197690912509
1554	Pds5a	NA	-1.06774491552805
1555	Pdxdc1	NA	0.304523786431241
1556	Pdzd4	NA	-2.44883121020167
1557	Pdzd8	NA	-0.411714131878049
1558	Pdzd9	NA	-5.47163366853672
1559	Peak1	NA	-0.861340592651397
1560	Pef1	NA	0.244150477199269
1561	Per1	NA	1.01772942074179
1562	Per3	NA	-1.06133956361773
1563	Pes1	NA	0.347935876719139
1564	Pex14	NA	0.450600422179754
1565	Pex19	NA	0.236866086925291
1566	Pfdn4	NA	-0.516001608906595
1567	Pfdn5	NA	-0.457886945409613
1568	Pfdn6	NA	0.439563237852219
1569	Pgd	NA	0.336862276467839
1570	Pglyrp1	NA	-8.90084327549497
1571	Pgm1	NA	-0.384872488343405
1572	Pgrmc1	NA	-0.303784978119435
1573	Pgs1	NA	0.445912364233169
1574	Phb	NA	0.407517306394041
1575	Phc3	NA	-1.09710730812386
1576	Phf1	NA	0.705291161876633
1577	Phf11b	NA	-0.422494285434599
1578	Phf14	NA	-0.883308694177826
1579	Phf6	NA	-0.826261060582326
1580	Phip	NA	-0.657926132883892
1581	Phkb	NA	-0.442674196506219
1582	Phldb3	NA	-3.04881063212849
1583	Phospho1	NA	-1.82570691755925
1584	Phtf1os	NA	-1.66938509581473
1585	Phxr4	NA	-2.49404986045025
1586	Pias2	NA	-0.448250484106675
1587	Pigg	NA	-0.642357769798315
1588	Pigh	NA	-0.38434103874499
1589	Pigm	NA	-0.506480055067871
1590	Pign	NA	-1.00411340771006
1591	Pigp	NA	-0.581556845984951
1592	Pik3c2a	NA	-0.785863948543708
1593	Pik3c3	NA	0.341090165080595
1594	Pik3cd	NA	0.489525133454408
1595	Pik3r1	NA	-0.418268464856583
1596	Pik3r2	NA	0.701262725569872
1597	Pikfyve	NA	-0.662466199628641
1598	Pim1	NA	1.99558438324797
1599	Pin1	NA	0.39887812409038
1600	Pisd	NA	0.26282730506551
1601	Pitpna	NA	0.284648865883192
1602	Pja1	NA	0.562296812104951
1603	Pla2g7	NA	1.03775366144163
1604	Plac8	NA	-1.15756823235797
1605	Plag1	NA	-4.88358015343058
1606	Plagl2	NA	-0.566877578513863
1607	Plcb4	NA	-3.83203835514987
1608	Plcg2	NA	0.508780218889933
1609	Plcl1	NA	-0.447591475809978
1610	Pld2	NA	0.668183057944607
1611	Pld4	NA	0.387685264238125
1612	Plekhb1	NA	-2.59038284501756
1613	Plekhh3	NA	1.12496112799997
1614	Plekhm3	NA	-0.502571247054756
1615	Plet1	NA	3.4464525373869
1616	Plin2	NA	0.547463191061954
1617	Plin3	NA	0.678771081483695
1618	Plk3	NA	0.619989771916989
1619	Pln	NA	-1.79846312305887
1620	Plod1	NA	0.291984123552371
1621	Plod3	NA	0.509094688199952
1622	Plxna4	NA	-0.693618482524768
1623	Pmepa1	NA	0.493008176721521
1624	Pmm1	NA	0.607122616780808
1625	Pnisr	NA	-1.06763904430522
1626	Pnpla2	NA	1.12691956740005
1627	Pnpla6	NA	0.689395501615906
1628	Podxl2	NA	1.17802330479835
1629	Pofut2	NA	0.539725442875827
1630	Pole	NA	-5.77509418547006
1631	Polm	NA	0.88632917155459
1632	Polq	NA	-4.42406290864406
1633	Polr1e	NA	0.69356621622382
1634	Polr2e	NA	0.380112461768653
1635	Polr2i	NA	0.503631197713306
1636	Polr2m	NA	0.3083554278648
1637	Polr3e	NA	0.412456916250582
1638	Polrmt	NA	0.812827312665188
1639	Pomgnt1	NA	0.451291364660508
1640	Pomgnt2	NA	0.751444227885224
1641	Pon3	NA	-0.506238256243248
1642	Por	NA	0.361450238738022
1643	Postn	NA	0.760883398308172
1644	Pot1b	NA	-0.648839487464471
1645	Plpp1	NA	-0.625172428873206
1646	Ppdpf	NA	0.681560610525708
1647	Ppfia4	NA	0.192825177611067
1648	Ppia	NA	-0.404605513890558
1649	Ppil2	NA	0.455941493496615
1650	Ppm1a	NA	-0.337451534337194
1651	Ppm1g	NA	0.270547450249369
1652	Ppm1h	NA	-0.321692987972583
1653	Ppm1k	NA	-0.568199716127245
1654	Ppp1cb	NA	-0.731035470186375
1655	Ppp1r12a	NA	-0.484975208331622
1656	Ppp1r14a	NA	-1.7171114759857
1657	Ppp1r15a	NA	0.824293602805318
1658	Ppp1r15b	NA	-0.484783581458028
1659	Ppp1r21	NA	0.617376638427101
1660	Ppp1r9a	NA	-0.733630816207821
1661	Ppp2r1a	NA	0.376278910464809
1662	Ppp2r5d	NA	0.557293878450726
1663	Ppp4r1l-ps	NA	-0.887176605023604
1664	Ppp5c	NA	0.607759790291976
1665	Pqbp1	NA	0.274826951303138
1666	Praf2	NA	0.598882336209921
1667	Prcp	NA	-0.305192461597225
1668	Prdm2	NA	-0.567863421441987
1669	Prdx4	NA	-0.342072917158378
1670	Prg4	NA	-4.13976469685884
1671	Prkab1	NA	0.459894257076546
1672	Prkaca	NA	0.337087391593008
1673	Prkacb	NA	-0.411603967145172
1674	Prkar1b	NA	-0.738054742621417
1675	Prkca	NA	-0.427901409915664
1676	Prkcd	NA	0.502505972616747
1677	Prkdc	NA	-1.04895452605065
1678	Prkrir	NA	-0.485377583065718
1679	Prlr	NA	-5.11607543197552
1680	Prmt5	NA	0.464183790484708
1681	Procr	NA	0.890586879835326
1682	Prorsd1	NA	-0.489088575877791
1683	Proser1	NA	-0.352110671291425
1684	Proser3	NA	0.946424790116836
1685	Prpf31	NA	0.345048770364924
1686	Prpf39	NA	-0.878414329044989
1687	Prpf6	NA	0.456189848136416
1688	Prps1l3	NA	-0.512139314232843
1689	Prpsap1	NA	0.526604535425026
1690	Prr13	NA	0.531706412591973
1691	Prr14	NA	0.445797243564046
1692	Prr14l	NA	-0.786791697321522
1693	Prune2	NA	-0.900860897719616
1694	Psap	NA	0.601479729013008
1695	Psen1	NA	0.335542631253786
1696	Psmb10	NA	0.378555091475551
1697	Psmb5	NA	0.314051753546027
1698	Psmc1	NA	0.346534098674676
1699	Psmc2	NA	0.223985885806233
1700	Psmc3	NA	0.40056470323711
1701	Psmc4	NA	0.411963580278925
1702	Psmd11	NA	0.342960816278872
1703	Psmd3	NA	0.505240876603314
1704	Psmd4	NA	0.255268065835081
1705	Psmd8	NA	0.251274916483025
1706	Psme4	NA	-0.503782011035662
1707	Psmf1	NA	0.374066278294056
1708	Ptbp1	NA	0.33294561396355
1709	Ptbp3	NA	-0.596750032168754
1710	Ptcd1	NA	0.442948366038549
1711	Ptchd1	NA	-1.42381829402447
1712	Pten	NA	-0.392602619965445
1713	Ptges2	NA	0.48071759226578
1714	Pth1r	NA	-4.79503996239119
1715	Ptk2b	NA	0.45532677112974
1716	Ptov1	NA	0.456211698295027
1717	Ptp4a2	NA	-0.343419836024996
1718	Ptpn1	NA	0.28994308020432
1719	Ptprj	NA	-0.649180878224146
1720	Ptprm	NA	-0.383796832117822
1721	Puf60	NA	0.463569555538493
1722	Pum2	NA	-0.492568739647521
1723	Pura	NA	-0.505395115692331
1724	Purb	NA	-0.735409663639279
1725	Pvr	NA	0.775565566332078
1726	Pwwp2a	NA	-0.415624756258452
1727	Pycard	NA	-0.221779616244668
1728	Ifi208	NA	-4.4344451702719
1729	Pygl	NA	-1.00477464563605
1730	Qk	NA	-0.781665478373425
1731	Rab11b	NA	0.458965524889619
1732	Rab11fip2	NA	-0.742980921661965
1733	Rab12	NA	-0.221173362368472
1734	Rab20	NA	-0.544883205026963
1735	Rab21	NA	-0.323381451532283
1736	Rab24	NA	-0.499354891961948
1737	Rab33b	NA	-0.652213140246685
1738	Rab3d	NA	0.490879285587987
1739	Rab3il1	NA	0.256036018220983
1740	Rab4b	NA	0.357342562552607
1741	Rab7	NA	0.218846602569231
1742	Rabac1	NA	0.286373950175478
1743	Rac3	NA	0.687626702596461
1744	Rad23a	NA	0.263960258463711
1745	Rad51b	NA	-1.68999715766943
1746	Rad54l	NA	-1.51450741790015
1747	Rae1	NA	0.359745581253733
1748	Ralgapa1	NA	-0.989358464980446
1749	Raly	NA	1.05036217479967
1750	Ranbp2	NA	-0.846054125117664
1751	Ranbp3	NA	0.4751381140079
1752	Ranbp6	NA	-0.810043991436265
1753	Rap2c	NA	-0.646181735323453
1754	Rapgef5	NA	-0.623187607066808
1755	Rasa3	NA	0.39030691870499
1756	Rasgef1b	NA	0.300794366286416
1757	Rasgrp4	NA	0.699341868066759
1758	Rasl2-9	NA	-1.36780494330554
1759	Rassf2	NA	0.389430555708044
1760	Rassf4	NA	-0.438669578164191
1761	Rbl1	NA	-0.493564750854285
1762	Rbm12	NA	-0.590639957309657
1763	Rbm12b2	NA	-0.694687460369434
1764	Rbm20	NA	-2.55597155316714
1765	Rbm27	NA	-0.431664808207558
1766	Rbm42	NA	0.633593638545242
1767	Rbm43	NA	0.428664268351107
1768	Rbm47	NA	-0.349437262765732
1769	Rbm7	NA	-0.470391518532498
1770	Rc3h1	NA	-0.798461168348874
1771	Rc3h2	NA	-1.26481254833178
1772	Rcan3	NA	-0.539301085866395
1773	Rcbtb2	NA	0.367587074037782
1774	Rcsd1	NA	0.41476997850375
1775	Rdh5	NA	-1.71190730392244
1776	Reep3	NA	-0.369415498819046
1777	Rel	NA	-0.872844395485266
1778	Rela	NA	0.262023970863273
1779	Relb	NA	-0.594793240085662
1780	Reps1	NA	0.311133632662856
1781	Reps2	NA	-3.90873820913315
1782	Rexo4	NA	0.612199620081413
1783	Rfng	NA	0.985723159058708
1784	Rfwd2	NA	-0.590823471965657
1785	Rgs1	NA	1.21396886629213
1786	Rgs12	NA	-1.04293068112425
1787	Rgs14	NA	0.777387899810196
1788	Rgs19	NA	0.288551019498798
1789	Rhbdf1	NA	0.588373774266318
1790	Rhd	NA	-2.69277009891116
1791	Rheb	NA	-0.372182158596428
1792	Rhoc	NA	0.608309215993462
1793	Rhog	NA	0.466224323634544
1794	Ric1	NA	-1.43639548510329
1795	Ric3	NA	-0.535512498239439
1796	Rictor	NA	-0.405286400063552
1797	Rif1	NA	-0.558717191100314
1798	Rin3	NA	0.756970729719164
1799	Rinl	NA	0.367106737046746
1800	Rlf	NA	-0.668225923308704
1801	Rlim	NA	-0.889175777321744
1802	Rmnd5b	NA	0.262216124155187
1803	Rn45s	NA	-1.36735298389096
1804	Rnase4	NA	0.547598418909146
1805	Rnasek	NA	0.411334421595033
1806	Rnaset2b	NA	-0.291266026027612
1807	Rnf10	NA	0.473197724996657
1808	Rnf111	NA	-0.423819090410497
1809	Rnf130	NA	-0.187122746522367
1810	Rnf166	NA	0.643966807375856
1811	Rnf19a	NA	-0.484102212245637
1812	Rnf214	NA	-0.60659678230057
1813	Rnf220	NA	0.590568665990982
1814	Rnf25	NA	0.593392300545956
1815	Rnf34	NA	-0.250583546230155
1816	Rnf7	NA	-0.460331925948394
1817	Rnpc3	NA	-0.52973816710534
1818	Rnpep	NA	0.551645920178604
1819	Rock1	NA	-0.460033016280234
1820	Rock2	NA	-0.374760021730635
1821	Rogdi	NA	0.528463651156529
1822	Rp2	NA	-0.696342069460067
1823	Rpia	NA	-1.21298455032239
1824	Rpl12	NA	-1.60275448329802
1825	Rpl14-ps1	NA	-0.983060729303722
1826	Rpl22	NA	-0.565989253081215
1827	Rpl27a	NA	-0.589926989489946
1828	Rpl3	NA	-0.578271844014697
1829	Rpl32	NA	-0.492382213190385
1830	Rpl39	NA	-0.798550313303901
1831	Rpl41	NA	-0.550608372157556
1832	Rpl7	NA	-0.449486698287083
1833	Rplp0	NA	-0.296428159868311
1834	Rprd2	NA	-0.442735005868498
1835	Rps14	NA	-0.449943774348758
1836	Rps20	NA	-0.847665993971136
1837	Rps25	NA	-0.620592616697145
1838	Rps3a1	NA	-0.485504052061632
1839	Rps6	NA	-0.584949838678217
1840	Rps9	NA	-0.399617713944187
1841	Rpusd3	NA	0.730297504133644
1842	Rraga	NA	-0.321735222655825
1843	Rrp1	NA	0.463754109839214
1844	Rrp7a	NA	0.590428769247837
1845	Rsbn1	NA	-0.56962445855574
1846	Rsl1d1	NA	0.287421412555835
1847	Rspo1	NA	1.03418793335543
1848	Rspry1	NA	-0.445086200497782
1849	Rtcb	NA	0.508893434888527
1850	Rtfdc1	NA	0.294340265907662
1851	Rtkn2	NA	-4.69875813231549
1852	Rtp4	NA	-0.742465021148561
1853	Rttn	NA	-0.724710984276224
1854	Rufy2	NA	-0.717946593945237
1855	Rundc1	NA	0.412357848897065
1856	Ruvbl2	NA	0.404553823848331
1857	Rxrb	NA	0.332779787252195
1858	S100a10	NA	0.724955918520618
1859	S100a8	NA	-11.4241797803932
1860	S100a9	NA	-10.4914540294744
1861	Safb	NA	0.568769115290899
1862	Samsn1	NA	-0.395257744043188
1863	Sap30bp	NA	0.464363536504464
1864	Sars	NA	0.309676661330783
1865	Sash3	NA	0.341023714341145
1866	Sbf2	NA	-0.400798483823176
1867	Scand1	NA	0.760495905616714
1868	Sclt1	NA	-0.658698446748541
1869	Scmh1	NA	0.450499375366304
1870	Scyl1	NA	0.568036389346434
1871	Sdad1	NA	-0.657670476969806
1872	Sdc4	NA	-0.640900803655311
1873	Sdha	NA	0.218195299514056
1874	Sec13	NA	0.210789809874202
1875	Sec16a	NA	-0.699169733056417
1876	Sec23b	NA	0.343985338564651
1877	Sec62	NA	0.361893904006522
1878	Selenbp1	NA	0.704508497829919
1879	Selplg	NA	0.553516305356458
1880	Sema3c	NA	6.4197021427235
1881	Senp7	NA	-0.478734525450659
1882	Sepp1	NA	-0.268213134893207
1883	Sept2	NA	-0.480685020916419
1884	Serpinb12	NA	-5.98853675657679
1885	Serpinb1a	NA	-8.38810177574268
1886	Serpine2	NA	-0.359561991943982
1887	Setd2	NA	-0.530230404103163
1888	Setd5	NA	-0.671634109544148
1889	Setdb2	NA	-0.738382141309617
1890	Sez6l	NA	-4.45131927410683
1891	Sf1	NA	0.408031323622158
1892	Sf3a2	NA	0.610839641426058
1893	Sf3a3	NA	0.356667223151138
1894	Sf3b2	NA	0.432625152396467
1895	Sf3b4	NA	0.508905066027178
1896	Sfmbt1	NA	-0.441670281398104
1897	Sft2d3	NA	-0.5470628968109
1898	Sgcb	NA	-0.372709858187519
1899	Sgms2	NA	-5.39726793186122
1900	Sgpl1	NA	-0.273771802352922
1901	Sgsm3	NA	0.734421228954214
1902	Sgta	NA	0.395046061274783
1903	Sh2b3	NA	0.448359122645246
1904	Sh3bp1	NA	0.546285872329441
1905	Sh3bp5	NA	0.556918055700709
1906	Sh3bp5l	NA	0.563638136470331
1907	Sharpin	NA	0.486958111832279
1908	Shcbp1l	NA	-6.02938267557348
1909	Shkbp1	NA	0.471697850130916
1910	Shmt2	NA	0.333429579381185
1911	Shprh	NA	-0.818310609260874
1912	Siah1a	NA	-0.568113803159917
1913	Siah1b	NA	-0.737607264924415
1914	Sigmar1	NA	0.450978777333326
1915	Sipa1	NA	0.938481009504716
1916	Sipa1l1	NA	-0.454973680151964
1917	Sirt2	NA	0.654469769335269
1918	Skil	NA	-0.465568399380262
1919	Skiv2l	NA	0.544174291711164
1920	Slamf8	NA	-0.737445610854991
1921	Slamf9	NA	-0.737468489762882
1922	Slc10a1	NA	-2.22219153394385
1923	Slc11a1	NA	0.267042915130245
1924	Slc12a2	NA	-0.92240269562431
1925	Slc13a3	NA	0.783548465765764
1926	Slc16a10	NA	-1.25942717000564
1927	Slc1a4	NA	-0.74604173495324
1928	Slc1a5	NA	1.04132500460509
1929	Slc25a1	NA	0.493525525524822
1930	Slc25a17	NA	0.352391229247529
1931	Slc25a26	NA	0.53398890291241
1932	Slc25a36	NA	-0.718281456060657
1933	Slc25a42	NA	1.02018880376629
1934	Slc29a1	NA	-0.362517740220416
1935	Slc2a10	NA	1.09780569466215
1936	Slc2a12	NA	-5.86910060754909
1937	Slc2a3	NA	0.818108328797985
1938	Slc2a4rg-ps	NA	-1.35733671043016
1939	Slc30a1	NA	-0.613028141710418
1940	Slc30a4	NA	-0.533854809537707
1941	Slc30a7	NA	-0.344590969695474
1942	Slc35a3	NA	-0.745319096041716
1943	Slc35c2	NA	0.281262632504853
1944	Slc35e2	NA	-0.63921005863768
1945	Slc38a7	NA	0.375226081974322
1946	Slc39a1	NA	-0.648061258785219
1947	Slc39a3	NA	0.49494599605255
1948	Slc39a4	NA	-1.37319334493794
1949	Slc39a8	NA	-0.496422373924218
1950	Slc39a9	NA	-0.381807949596433
1951	Slc3a2	NA	0.266592187641865
1952	Slc43a3	NA	-1.89956072259693
1953	Slc44a1	NA	-0.530921554961194
1954	Slc48a1	NA	0.264209763368087
1955	Slc4a7	NA	-0.561506171079164
1956	Slc5a3	NA	-1.83165285963343
1957	Slc6a6	NA	0.241027619015245
1958	Slc7a1	NA	-0.589434498117696
1959	Slc7a5	NA	-0.471934843793198
1960	Slc7a7	NA	0.227399156692154
1961	Slc8a1	NA	-0.863144583445131
1962	Slc9a3r1	NA	0.601828899420924
1963	Slc9a3r2	NA	1.46922087790385
1964	Slc9a6	NA	-0.63313965472905
1965	Slc9a7	NA	-0.821976439002759
1966	Slco1c1	NA	-5.1488619912725
1967	Slfn2	NA	-0.538554145644879
1968	Slk	NA	-0.415320128418612
1969	Slu7	NA	0.368026008482125
1970	Smad3	NA	-0.48625997194207
1971	Smad5	NA	-0.833838801536943
1972	Smarcc1	NA	-0.366655513462495
1973	Smc1a	NA	0.433951886247726
1974	Smc2	NA	-0.514231702489253
1975	Smc5	NA	-0.854390220533883
1976	Smchd1	NA	-0.557970567529244
1977	Smco1	NA	-5.13701593006006
1978	Smcr8	NA	-0.690172924523415
1979	Smg1	NA	-1.22174732356376
1980	Smg7	NA	-0.267582580543865
1981	Smim10l1	NA	-0.491257781238281
1982	Smim3	NA	0.549215451571829
1983	Smn1	NA	0.472246501266473
1984	Smpd1	NA	0.297867470901228
1985	Smpd2	NA	0.585375261089237
1986	Snap25	NA	-1.61419577976184
1987	Snapc1	NA	-0.812914317143223
1988	Snd1	NA	0.396373416284854
1989	Snf8	NA	-0.35266586382265
1990	Snhg10	NA	-1.62971082685811
1991	Snhg7	NA	-1.07677460352555
1992	Snora28	NA	-1.43229002401837
1993	Snora43	NA	-3.28326242931573
1994	Snora65	NA	-3.13628561476825
1995	Snora81	NA	-4.31317496921214
1996	Snord17	NA	-2.00129426215943
1997	Snord95	NA	-2.90111709829049
1998	Snrpb	NA	0.430099871364572
1999	Snrpc	NA	0.671799430014409
2000	Snx1	NA	0.282832511692325
2001	Snx13	NA	-0.523526219668455
2002	Snx15	NA	0.405896343071744
2003	Snx29	NA	-1.19858677506699
2004	Snx6	NA	-0.29279539511781
2005	Snx7	NA	-0.650472003171013
2006	Socs6	NA	-0.464748230865128
2007	Son	NA	-0.374033278245821
2008	Sos1	NA	-0.470697672635081
2009	Sowahc	NA	-0.396603537764257
2010	Sp1	NA	-0.521905268678748
2011	Sp2	NA	0.54237336172196
2012	Sp4	NA	-0.637790783505442
2013	Spag5	NA	-6.19679272377141
2014	Spag9	NA	-0.452267152603399
2015	Spata1	NA	-0.893293865799747
2016	Spata2l	NA	0.641238498055085
2017	Spcs3	NA	-0.477818090256473
2018	Spdl1	NA	-2.54830561424218
2019	Sphk2	NA	0.468062026625876
2020	Spi1	NA	0.517540201694606
2021	Spice1	NA	0.901456760732221
2022	Spns3	NA	-0.787986667821891
2023	Spop	NA	0.313858842556088
2024	Spopl	NA	-0.785110299083306
2025	Sppl2a	NA	-0.659563490193884
2026	Sppl2b	NA	0.573217164583686
2027	Spr	NA	0.510063639682997
2028	Spred1	NA	-0.639835692146536
2029	Spryd3	NA	0.417702096166646
2030	Spsb1	NA	0.643213436002755
2031	Sqstm1	NA	0.434197155443827
2032	Srcap	NA	-1.05972812605917
2033	Srp68	NA	0.42300479208546
2034	Srrm2	NA	-0.364697367340118
2035	Srrt	NA	0.672236959256928
2036	Ssbp2	NA	0.69795155435529
2037	Ssbp3	NA	0.488163527625316
2038	Ssr3	NA	-0.401555459590344
2039	St14	NA	0.702052970922802
2040	St7	NA	-0.46410433060945
2041	St8sia6	NA	-1.11827771216268
2042	Stag1	NA	-0.517790142715213
2043	Stam	NA	-0.485280344205463
2044	Stard3nl	NA	-0.62584326957976
2045	Stat1	NA	-0.529306391336292
2046	Stat3	NA	0.378165009194811
2047	Stat6	NA	0.496243203265694
2048	Stil	NA	-7.87229941370572
2049	Stk11	NA	0.783657304746763
2050	Strada	NA	0.360192929820596
2051	Strip1	NA	0.382921566780718
2052	Strn4	NA	0.521475309926048
2053	Stxbp2	NA	0.393525061706394
2054	Styx	NA	-1.70892809425561
2055	Suco	NA	-0.57689511360322
2056	Sufu	NA	0.41854544813687
2057	Sugct	NA	-2.91117857854493
2058	Sugp1	NA	0.553705732666686
2059	Sugp2	NA	-0.801076026510579
2060	Suox	NA	0.499084813153153
2061	Supt16	NA	-0.809976399606753
2062	Surf2	NA	0.503252674667507
2063	Susd6	NA	-0.432523872629191
2064	Kmt5b	NA	-0.321415192210495
2065	Kmt5c	NA	0.738733640066109
2066	Suz12	NA	-0.551009551563564
2067	Sycp3	NA	-1.40859690798995
2068	Syk	NA	0.426485880556221
2069	Syncrip	NA	-0.408953033204809
2070	Syngr1	NA	-0.321831830544505
2071	Syp	NA	0.968833527891014
2072	Sypl	NA	-0.388665650375572
2073	Syt11	NA	0.651941738556672
2074	Syt3	NA	1.12060007319732
2075	Tacc1	NA	-0.22181663593271
2076	Taf15	NA	-1.72346476102189
2077	Taf1a	NA	0.773940646215373
2078	Taf1d	NA	-0.737619383869979
2079	Tagap	NA	0.543397677724085
2080	Tagln2	NA	0.431746373065345
2081	Taldo1	NA	0.27937953982168
2082	Tanc2	NA	-0.654507365234814
2083	Taok1	NA	-0.710270903891375
2084	Tapbpl	NA	0.427626520051526
2085	Tapt1	NA	-0.365270413738661
2086	Tbc1d17	NA	0.336660477591189
2087	Tbc1d24	NA	-0.896976246614301
2088	Tbc1d25	NA	0.700175824562716
2089	Tbcb	NA	0.317684842816368
2090	Tbl1xr1	NA	-0.709969768555031
2091	Tbrg3	NA	-2.40985562402213
2092	Tceanc	NA	-0.572597174717115
2093	Tcn2	NA	0.611350936636118
2094	Tcof1	NA	0.980863656824061
2095	Tcp11l2	NA	0.549182018733399
2096	Tdp1	NA	0.394999378929997
2097	Tecr	NA	0.338814599875817
2098	Tef	NA	-0.539866544616059
2099	Tep1	NA	-0.36635986555946
2100	Tet2	NA	-1.26118601996905
2101	Tex12	NA	-1.08321703994398
2102	Tex261	NA	0.255041103080482
2103	Tex264	NA	0.599030782799402
2104	Tfdp1	NA	-0.474311940459685
2105	Tfe3	NA	0.388567673638181
2106	Tfg	NA	0.322046403754006
2107	Tgfbr1	NA	-0.748528292916035
2108	Tgfbr2	NA	-0.40678916816377
2109	Tgif1	NA	0.372931181154985
2110	Thap7	NA	0.486919940973743
2111	Themis2	NA	0.298433936736767
2112	Thoc2	NA	-0.561918421162175
2113	Thsd1	NA	1.00982137926016
2114	Tia1	NA	-0.91968551057766
2115	Tiam1	NA	-1.85861085967971
2116	Tigar	NA	0.586919885430031
2117	Timeless	NA	-1.69996046572749
2118	Tiparp	NA	-0.572489795719319
2119	Tk1	NA	-1.38862071567439
2120	Tkt	NA	0.401756292914513
2121	Tlr2	NA	-0.505780150380258
2122	Tlr3	NA	-0.408649988108453
2123	Tlr4	NA	-0.554289103227138
2124	Tlr5	NA	-0.788217216053687
2125	Tm2d1	NA	-0.473897563257952
2126	Tm6sf1	NA	0.386673494491272
2127	Tm9sf3	NA	-0.397535701611332
2128	Tmbim1	NA	0.398841633415415
2129	Tmed10	NA	-0.370799344271235
2130	Tmed2	NA	-0.327584037249519
2131	Tmed7	NA	-0.514312455787018
2132	Tmed8	NA	-1.01394924718719
2133	Tmem104	NA	0.446542143347576
2134	Tmem106a	NA	0.34252615174308
2135	Tmem106b	NA	-0.616593572172317
2136	Tmem127	NA	0.402715877988258
2137	Tmem128	NA	-0.620365885309421
2138	Tmem144	NA	-0.439204968252101
2139	Tmem161a	NA	0.554918005349174
2140	Tmem170b	NA	-0.4190012707699
2141	Tmem173	NA	0.1998090343017
2142	Tmem178	NA	-4.93765935177033
2143	Tmem185b	NA	-0.26382802157588
2144	Tmem189	NA	0.329425506265649
2145	Tmem214	NA	0.388380948562457
2146	Tmem218	NA	-0.56371424782385
2147	Tmem220	NA	-0.875228610697417
2148	Tmem243	NA	-0.404112080714138
2149	Tmem263	NA	-0.744893752197823
2150	Tmem30a	NA	-0.570204651405849
2151	Tmem40	NA	-3.36546995739796
2152	Tmem41b	NA	-0.394077476093118
2153	Tmem59l	NA	-5.38894529277105
2154	Tmem63b	NA	0.698854820492717
2155	Tmem64	NA	-0.654946393690787
2156	Tmem65	NA	-0.506026262328959
2157	Tmem79	NA	0.968764259140723
2158	Tmem87a	NA	-0.758949823716225
2159	Tmem9b	NA	-0.263921183423829
2160	Tmf1	NA	-0.643300820056389
2161	Tmod1	NA	1.71774316721446
2162	Tmtc3	NA	-0.660784990200567
2163	Tmtc4	NA	-0.920312233247953
2164	Tmub1	NA	0.357168358522488
2165	Tmx1	NA	-0.440401358690151
2166	Tmx4	NA	-0.560135411822616
2167	Tnfaip1	NA	0.284379290270698
2168	Tnfaip3	NA	-0.442071405152507
2169	Tnfaip8l2	NA	0.458230708036998
2170	Tnfrsf17	NA	-0.831361375056677
2171	Tnfrsf1a	NA	0.329368276750935
2172	Tnfsf12	NA	0.789840167868523
2173	Tnfsf13	NA	0.755760900524094
2174	Tnpo1	NA	-0.595922970059288
2175	Tns3	NA	-0.690204350851841
2176	Tomm40	NA	0.498937147566544
2177	Tomt	NA	-1.44494700496207
2178	Top1mt	NA	0.702642897775154
2179	Tor1aip2	NA	-0.264227620450149
2180	Tpgs1	NA	0.639347233845195
2181	Tpm3	NA	0.271264492149308
2182	Tpmt	NA	-1.09833998499261
2183	Tpra1	NA	0.278579920882567
2184	Tprgl	NA	0.354340096552429
2185	Tpt1	NA	-0.689953670379283
2186	Tra2b	NA	-0.600652521751105
2187	Traf2	NA	0.44961987519701
2188	Tram1	NA	-0.455038453906262
2189	Trap1	NA	0.495242177667658
2190	Trem3	NA	-7.39500915291547
2191	Trf	NA	0.516910978157366
2192	Trim11	NA	0.491322820043844
2193	Trim25	NA	-0.486607635407872
2194	Trio	NA	-0.994726205817282
2195	Triobp	NA	0.536887081908396
2196	Trip10	NA	0.880995007249359
2197	Trip11	NA	-0.701937744903432
2198	Trmt1	NA	0.487153157092617
2199	Trmt10c	NA	-0.58560792382638
2200	Trmt12	NA	-0.277119796627569
2201	Trmt13	NA	-0.950234289720793
2202	Trmt2a	NA	0.438686785691551
2203	Trove2	NA	-0.611162437916427
2204	Trp53	NA	0.247121844479112
2205	Trp53bp1	NA	-0.563964078800053
2206	Trp53cor1	NA	-0.989695934970868
2207	Trpc4ap	NA	0.274253660843378
2208	Trpm7	NA	-0.605514692836406
2209	Trps1	NA	-1.59735341388072
2210	Trpv2	NA	0.533767927041026
2211	Trpv4	NA	1.01589872863744
2212	Tsc22d1	NA	0.75920320637177
2213	Tsc22d3	NA	1.16962690330667
2214	Tsen2	NA	0.40233925494418
2215	Tspan4	NA	-0.349794475824371
2216	Tspo	NA	0.577627019589261
2217	Tspyl1	NA	-0.427833767330434
2218	Tsr3	NA	0.525542011106954
2219	Ttc13	NA	0.319463598418991
2220	Ttc14	NA	-0.79496464729065
2221	Ttc8	NA	-0.71222065965198
2222	Ttll5	NA	-0.854877442073702
2223	Tuba1a	NA	0.517464431925539
2224	Tuba8	NA	-4.54746927491017
2225	Tubg1	NA	0.603259888811028
2226	Tug1	NA	-0.812454621485829
2227	Tulp4	NA	-1.16441195091915
2228	Tvp23b	NA	-0.383695059383043
2229	Twistnb	NA	-0.348746801438855
2230	Txlna	NA	0.602169597624179
2231	Txlng	NA	0.553272269685724
2232	Txndc5	NA	0.401872466199195
2233	U2af1l4	NA	0.615720464726789
2234	Uba5	NA	0.347590417895544
2235	Ubald1	NA	0.761178386760022
2236	Ubap2	NA	0.470868354118427
2237	Ubc	NA	0.364907716969552
2238	Ube2f	NA	-0.315814951051903
2239	Ube2m	NA	0.404896598678889
2240	Ube2q2	NA	-0.333352862808717
2241	Ube2r2	NA	0.505566608237038
2242	Ube2v1	NA	0.404794809459136
2243	Ube2w	NA	-0.50892999137811
2244	Ube3a	NA	-0.482843452873703
2245	Ube3c	NA	-0.384963525030711
2246	Ubiad1	NA	-0.283441002806667
2247	Ubl7	NA	0.393506794106394
2248	Ubn2	NA	-0.787351299766036
2249	Ubox5	NA	-0.555006886582664
2250	Ubqln4	NA	0.56700933305516
2251	Ubr3	NA	-0.513664907200653
2252	Ubr4	NA	-0.814238139114824
2253	Ubr5	NA	-0.786894611476713
2254	Uchl4	NA	-1.98423992528203
2255	Uckl1os	NA	-2.56449481699143
2256	Ucp2	NA	1.06738721864715
2257	Ufd1l	NA	0.462629060691584
2258	Ugt1a7c	NA	-0.339441462688049
2259	Uhmk1	NA	-0.939181583825557
2260	Unc45a	NA	0.974362369696494
2261	Uqcc1	NA	0.523464462293975
2262	Uqcrc1	NA	0.265536192867864
2263	Urb1	NA	-0.627188900238457
2264	Urod	NA	0.483498576163653
2265	Uros	NA	-0.507293477430645
2266	Usf1	NA	0.432400662204493
2267	Usp18	NA	-0.590559090048673
2268	Usp19	NA	0.701618007302512
2269	Usp25	NA	-0.375055947673596
2270	Usp32	NA	-0.610555455960054
2271	Usp34	NA	-1.05166560016845
2272	Usp37	NA	-0.717712321807883
2273	Usp39	NA	0.405863626900073
2274	Usp45	NA	-0.734231074358889
2275	Usp5	NA	0.484910693139366
2276	Usp7	NA	-0.395047141625082
2277	Usp9x	NA	-1.23281452979997
2278	Utp14a	NA	0.539173805087161
2279	Utrn	NA	-1.81073994006491
2280	Vac14	NA	0.456767256092812
2281	Vamp1	NA	-0.960474761271495
2282	Vamp3	NA	-0.333192920125765
2283	Vamp7	NA	-0.622094946669165
2284	Vcp	NA	0.312856086151566
2285	Vcpip1	NA	-0.801878715553899
2286	Vdac1	NA	-0.443523405287388
2287	Vhl	NA	-0.344636987098317
2288	Vkorc1l1	NA	-0.769796606015339
2289	Vps13a	NA	-1.64831945842382
2290	Vps13b	NA	-1.2565499890232
2291	Vps13c	NA	-1.80820672820977
2292	Vps13d	NA	-1.30246849346561
2293	Vps25	NA	0.278797956127252
2294	Vps37a	NA	-0.500856602055461
2295	Vps37d	NA	1.99262644034092
2296	Vps72	NA	0.418389109299535
2297	Vrk3	NA	0.401232457106077
2298	Vwa9	NA	0.391650372447348
2299	Wapl	NA	-0.532025339969768
2300	Wasf2	NA	-0.385960875647424
2301	Wbp11	NA	0.447158736781944
2302	Wbp1l	NA	0.519025975442019
2303	Wbp2	NA	0.670974165241625
2304	Wbscr22	NA	0.403365985162774
2305	Wdfy3	NA	-0.488054293239958
2306	Wdr18	NA	0.524476113122212
2307	Wdr37	NA	-0.420846422191462
2308	Wdr44	NA	-0.447172363843922
2309	Wdr45	NA	0.745135860266316
2310	Wdr46	NA	0.53518636021232
2311	Wdr60	NA	-1.1600940488023
2312	Wdr70	NA	0.536949792971091
2313	Wrap73	NA	0.469345891679691
2314	Wdr83	NA	0.746469882753937
2315	Wdr91	NA	0.722451023532402
2316	Wee1	NA	-4.36154787172059
2317	Wfdc21	NA	-9.15828745657471
2318	Wnk1	NA	-0.729177620638044
2319	Wnk3	NA	-2.47608273515748
2320	Wrap53	NA	0.567531450585103
2321	Wrn	NA	-0.906907801980457
2322	Wsb1	NA	-0.649145971228964
2323	Wscd1	NA	-0.762103874435213
2324	Xab2	NA	0.410783224819527
2325	Xk	NA	-1.33398238372636
2326	Xpnpep1	NA	0.326728597002755
2327	Xpo1	NA	-0.51844719719904
2328	Xpr1	NA	-0.991245647215399
2329	Xrcc6	NA	0.449753462224099
2330	Xrn1	NA	-0.705249091866179
2331	Xylb	NA	0.618880234363038
2332	Ybx3	NA	0.552807027286715
2333	Yes1	NA	-0.704880254290543
2334	Yipf3	NA	0.517963903085217
2335	Ykt6	NA	-0.291341483142011
2336	Yod1	NA	-1.10229527047039
2337	Ypel3	NA	0.619774379478292
2338	Ythdf3	NA	-0.593480823525011
2339	Zbed3	NA	0.491171711812363
2340	Zbed5	NA	-0.917294505832426
2341	Zbed6	NA	-1.10132031371629
2342	Zbtb1	NA	-0.384689353011793
2343	Zbtb18	NA	-0.414877509972748
2344	Zbtb26	NA	-0.943320444364497
2345	Zbtb34	NA	-0.714515316847863
2346	Zbtb4	NA	-0.389126216555849
2347	Zbtb41	NA	-1.15908855652395
2348	Zbtb43	NA	-0.531234280034706
2349	Zbtb5	NA	-0.734819302302821
2350	Zbtb9	NA	-0.591617919893839
2351	Zc3h12c	NA	-0.736657596120937
2352	Zcchc24	NA	-0.331633967698865
2353	Zdhhc12	NA	0.549361171161014
2354	Zdhhc21	NA	-1.03222437945647
2355	Zdhhc9	NA	0.279352663895296
2356	Zfand2b	NA	0.539974865029635
2357	Zfc3h1	NA	-1.10347187060289
2358	Zfhx4	NA	5.54372406877397
2359	Zfp11	NA	-1.22045744087123
2360	Zfp113	NA	-0.459398681072668
2361	Zfp120	NA	-0.457815039986465
2362	Zfp148	NA	-0.51477596660945
2363	Zfp174	NA	-1.0938725092706
2364	Zfp26	NA	-1.16846934917825
2365	Zfp266	NA	-0.537788305604995
2366	Zfp275	NA	-0.689806594946658
2367	Zfp280b	NA	-0.482754677446343
2368	Zfp280c	NA	-1.13297271542231
2369	Zfp281	NA	-0.493529062587167
2370	Zfp292	NA	-0.524788236961645
2371	Zfp318	NA	-0.735349019806092
2372	Zfp322a	NA	-0.536603234078759
2373	Zfp329	NA	-0.973464526545928
2374	Zfp346	NA	0.789177351662339
2375	Zfp36	NA	0.674797963094882
2376	Zfp369	NA	-1.2792782873385
2377	Zfp36l1	NA	-0.859138857093762
2378	Zfp397	NA	-0.899685130095438
2379	Zfp407	NA	-1.25760905496269
2380	Zfp456	NA	-0.864947236203852
2381	Zfp518a	NA	-0.642377991817109
2382	Zfp524	NA	0.400119645082573
2383	Zfp558	NA	-0.992341871168673
2384	Zfp563	NA	-0.738715132471932
2385	Zfp58	NA	-0.552576741849437
2386	Zfp580	NA	0.567551677340781
2387	Zfp597	NA	-1.02222750614277
2388	Zfp606	NA	-0.686977896876598
2389	Zfp609	NA	-0.550406556874832
2390	Zfp626	NA	-1.0610513167584
2391	Zfp638	NA	-0.4209836401624
2392	Zfp644	NA	-0.480839097260186
2393	Zfp65	NA	-0.669807052399945
2394	Zfp654	NA	-0.979825958615532
2395	Zfp655	NA	-0.523871883757869
2396	Zfp688	NA	0.543522904590057
2397	Zfp69	NA	-1.02908754630704
2398	Zfp697	NA	-0.415713976120192
2399	Zfp738	NA	-0.603878907763491
2400	Zfp746	NA	0.3499395286176
2401	Zfp748	NA	-0.528988878452731
2402	Zfp750	NA	-3.35710675856942
2403	Zfp764	NA	0.5117172566227
2404	Zfp770	NA	-0.82034593995853
2405	Zfp800	NA	-0.449588314526235
2406	Zfp84	NA	-0.364358604696811
2407	Zfp85os	NA	-1.57453876819563
2408	Zfp868	NA	-0.791689815328537
2409	Zfp882	NA	-1.02973301674941
2410	Zfp934	NA	-1.04494680736266
2411	Zfp950	NA	-1.06440461045387
2412	Zfp955a	NA	-0.611237817099073
2413	Zfpl1	NA	0.530212646121179
2414	Zfx	NA	-0.621420984670072
2415	Zfyve16	NA	-0.925583710884283
2416	Zfyve19	NA	0.373477085813928
2417	Zik1	NA	-0.963056709314989
2418	Zkscan1	NA	-0.692091805098062
2419	Zmat5	NA	0.346045913333739
2420	Zmpste24	NA	-0.471967918457762
2421	Znhit2	NA	0.506027598927634
2422	Zrsr2	NA	-0.888912441440649
2423	Zswim6	NA	-0.653664455855266
2424	Zufsp	NA	-0.59358293820942
2425	Zw10	NA	0.490263015162688
2426	Zxda	NA	-1.15319735944323
2427	Zyg11b	NA	-0.497551865590526
2428	Zyx	NA	0.376311072416574
2429	Zzef1	NA	-1.09437577429422
