genes	GF vs SPF (Young)	GF vs SPF (Old)
1	1700112E06Rik	-3.53225205836148	-3.53225205836148
2	Ahsa1	-0.650757894335365	-0.650757894335365
3	Ak1	-0.793105745209251	-0.793105745209251
4	Aldh1a3	-5.73422605911387	-5.73422605911387
5	Arl2bp	0.783183912669505	0.783183912669505
6	Atp2a3	1.68846813585822	1.68846813585822
7	B3galnt1	0.749497201970126	0.749497201970126
8	B4galnt1	0.79607016099881	0.79607016099881
9	Bri3bp	0.685998745513859	0.685998745513859
10	Capg	0.860105269409634	0.860105269409634
11	Cd44	3.79146992060164	3.79146992060164
12	Clic6	-21.0953958427535	-21.0953958427535
13	Ctse	5.46497440950836	5.46497440950836
14	Cybb	2.39587742558015	2.39587742558015
15	Cyp4f16	1.07630635482365	1.07630635482365
16	Cyp4f18	3.02488002892288	3.02488002892288
17	Dnaja4	-0.763293972611014	-0.763293972611014
18	Eml2	4.38014089767228	4.38014089767228
19	Ephx1	0.827294183605587	0.827294183605587
20	Ero1lb	-1.71574891436963	-1.71574891436963
21	Fam110a	-0.69979655591313	-0.69979655591313
22	Fcrls	-0.71404159976839	-0.71404159976839
23	G530011O06Rik	-2.79068547961637	-2.79068547961637
24	Galnt6	1.84834928952685	1.84834928952685
25	Gcnt2	1.35098856875971	1.35098856875971
26	Glb1l2	7.10547373514	7.10547373514
27	Gpr137b	1.29678894696873	1.29678894696873
28	Gpr137b-ps	-3.16489516517751	-3.16489516517751
29	Gpr65	1.3002295767118	1.3002295767118
30	Gstm1	1.2027493859443	1.2027493859443
31	Gsto1	0.84646086521265	0.84646086521265
32	Hsp90ab1	-0.993243615416312	-0.993243615416312
33	Hspa8	-0.94826616862682	-0.94826616862682
34	Htra3	0.973906405633592	0.973906405633592
35	Icam2	2.07496103384522	2.07496103384522
36	Kcnma1	-1.01080318516453	-1.01080318516453
37	Mcur1	-1.00632337801651	-1.00632337801651
38	Mtfp1	0.85768892261239	0.85768892261239
39	Nceh1	0.796686633021894	0.796686633021894
40	Nnt	0.982945095020483	0.982945095020483
41	Nr1d2	-1.27435733709542	-1.27435733709542
42	Nrbf2	-0.653799413107892	-0.653799413107892
43	Nt5c	0.765322649690069	0.765322649690069
44	P4ha1	-1.01030010265511	-1.01030010265511
45	Perp	1.28144175329701	1.28144175329701
46	Pik3ip1	1.6969216263416	1.6969216263416
47	Plcd3	8.86383765327602	8.86383765327602
48	Pstpip1	2.26768864926717	2.26768864926717
49	Rab4a	1.39951906750828	1.39951906750828
50	Rell1	-1.21292145511701	-1.21292145511701
51	Scimp	1.66010445546963	1.66010445546963
52	Sdc3	-1.00231012605016	-1.00231012605016
53	Sdf2l1	-0.643045557683305	-0.643045557683305
54	Sept6	1.01507670974745	1.01507670974745
55	Srgn	0.777132827958834	0.777132827958834
56	Stip1	-1.0548139483314	-1.0548139483314
57	Sult1a1	1.00768014634981	1.00768014634981
58	Tmed1	0.902957494547906	0.902957494547906
59	Tmem154	1.66189148680455	1.66189148680455
60	Tnfsf13b	0.831630300919396	0.831630300919396
61	Top2a	-3.87770322534715	-3.87770322534715
62	Tuba4a	1.16307905112717	1.16307905112717
63	Ube2c	-5.70506075721755	-5.70506075721755
64	Upk1b	-0.613413118664971	-0.613413118664971
65	Wdfy1	2.47552168882414	2.47552168882414
