category	Middle-aged vs Young (Female)	Middle-aged vs Young (Male)	Old vs Young (Female)	Old vs Young (Male)	Old vs Middle-aged (Female)	Old vs Middle-aged (Male)
04060	NA	NA	0.00268953795396272	0.011988675747506	NA	NA
03030	NA	NA	NA	0.0288878154352491	NA	NA
04672	NA	NA	0.0220357244608478	0.00956439741610761	NA	NA
04620	NA	NA	0.0279792534600473	0.0251743430779008	NA	NA
04622	NA	NA	0.047072285924443	NA	NA	NA
04640	NA	NA	0.0433154892067733	NA	NA	NA
04145	NA	NA	0.00314161139426603	0.00956439741610761	0.000349232823771642	0.0107557017833969
05140	NA	NA	0.0224450822086275	0.00319332866211766	NA	0.00933819531930876
05323	NA	NA	0.0163489898375729	0.00319332866211766	NA	NA
05330	NA	NA	0.00268953795396272	0.00623302753857972	0.0220280056504952	NA
05310	NA	NA	0.0129516209392304	0.0288878154352491	NA	NA
04514	NA	0.00136792068482226	0.0485089421822312	0.00319332866211766	0.0209984741230564	NA
05416	NA	NA	NA	NA	0.02745998172024	NA
04612	NA	NA	0.00268953795396272	0.0132903275490816	0.00281115398791119	NA
05332	NA	NA	0.00475127298376464	0.0156817614189956	0.0220280056504952	NA
05320	NA	NA	0.0279792534600473	0.0371629231779186	0.02745998172024	NA
04940	NA	NA	0.0129516209392304	0.00319332866211766	0.02745998172024	NA
00600	NA	NA	NA	0.0288878154352491	NA	NA
03010	NA	NA	NA	2.34789658868053e-18	NA	1.16577656788948e-06
05150	NA	NA	0.0323650589373769	0.00319332866211766	NA	0.0107557017833969
