genes	Male vs Female (Young)	Male vs Female (Middle-aged)	Male vs Female (Old)
1	0610009O20Rik	0.655478597821585	NA	NA
2	0610030E20Rik	0.779580910659663	0.836524945851763	NA
3	0610039K10Rik	3.00230366798128	1.76653369252109	NA
4	Zfas1	1.57728460884599	1.7714396474346	NA
5	1600010M07Rik	1.08148089016163	0.634384086109129	NA
6	1600020E01Rik	1.4225553403599	1.72165108618347	NA
7	1810011O10Rik	1.63170883855664	NA	NA
8	1810026B05Rik	1.50565140145798	2.43172356640757	NA
9	2410002F23Rik	0.755825389585803	0.703372686416163	NA
10	2410015M20Rik	-0.634826134027437	-0.61213552239376	NA
11	2610005L07Rik	1.00806382637812	1.55382484040955	NA
12	Ccdc191	1.40912094564512	NA	NA
13	2610035D17Rik	1.69988399796349	NA	NA
14	2610042L04Rik	2.20496374558392	NA	NA
15	2810417H13Rik	2.69381743499404	NA	NA
16	2900076A07Rik	2.38372444390483	1.67659482774285	NA
17	4732471J01Rik	1.72141356916128	1.62770843342921	NA
18	4930453N24Rik	-0.609112517685333	NA	NA
19	4930506C21Rik	2.52202511215477	2.26309540969942	NA
20	4932438A13Rik	1.12934534483476	1.10581221466901	NA
21	4933407K13Rik	2.22734420524242	2.12996179029511	NA
22	5830454E08Rik	4.50972778965474	NA	NA
23	6330418K02Rik	1.05657072484602	1.04724308890477	NA
24	Zfp976	2.09323651971431	1.46665585639577	NA
25	A630001G21Rik	1.33990075167618	0.733754207099865	NA
26	A830082N09Rik	7.00062085991375	NA	NA
27	A930005H10Rik	-0.919986663040743	NA	NA
28	Abhd1	3.5851284433227	1.93606077084062	NA
29	Acat2	-0.841359018826765	NA	NA
30	Acin1	0.959424088567385	0.769359598010956	NA
31	Acrbp	2.68141674042268	2.51835097868616	1.78202636411086
32	Adam1a	6.09052173921271	4.47686543362794	NA
33	Adap2	0.875909436780227	0.765298021243951	NA
34	Adat3	2.41894984703662	NA	NA
35	Adcy7	0.594529416597014	NA	NA
36	Adgrl1	1.63189222428976	1.20543369483667	NA
37	Adhfe1	1.12046472690324	0.783708182665302	NA
38	Adrb1	1.56082704369679	NA	NA
39	Grk3	1.77428163514076	0.818767483021963	NA
40	Ahdc1	1.28980371917215	NA	NA
41	Ahsa1	0.660282287039473	NA	NA
42	Akap1	-1.00495056830702	NA	NA
43	Akap13	0.662769973599793	0.655257611075053	NA
44	Akap8	0.693286041998045	0.976436569765883	NA
45	Akap8l	0.946813403363417	1.02590157464026	NA
46	Akna	0.730330597474464	NA	NA
47	Aldh18a1	-0.711347520248985	NA	NA
48	Alg5	-0.639806055163964	NA	NA
49	Anks1	0.98626174050594	NA	NA
50	Anks3	1.08135956596515	1.40247099976401	NA
51	Ano7	1.32117670661625	1.05159692925491	NA
52	Ap1ar	0.762599274081769	0.621804170499994	NA
53	Ap3d1	0.657182994337427	NA	NA
54	Apba1	0.942547311266887	NA	NA
55	Apbb2	-0.601375408682474	NA	NA
56	Apc	1.12664667085032	0.90386953520534	NA
57	Apmap	-0.603962824824633	NA	NA
58	Arap3	1.0100565198215	NA	NA
59	Arfip1	-0.674439218175207	NA	NA
60	Arhgap27os3	2.56183749405328	NA	NA
61	Arhgap30	0.688153163874824	0.744956872635407	NA
62	Arhgap39	0.785529888313308	0.808613629732807	NA
63	Arhgap4	1.21684802501913	NA	NA
64	Arhgef12	0.909717682075308	1.04596696223715	NA
65	Arhgef40	0.812446837515254	NA	NA
66	Arid1a	0.868348122495659	NA	NA
67	Arl2bp	-0.875477236303444	NA	NA
68	Arpc4	-0.62488206237768	NA	NA
69	Arrb1	1.03970366668104	NA	NA
70	Ash1l	0.932354214688659	1.16839975293701	0.770873922725622
71	Atf4	0.601888661031432	0.783548317815056	NA
72	Atic	1.12185508306564	NA	NA
73	Atp11a	0.801578666723055	NA	NA
74	Atp2a3	-1.38517643946382	NA	NA
75	Atp5a1	-0.68154238074905	-0.654570052597126	NA
76	Atp5e	-0.645197666646927	NA	NA
77	Atp5h	-0.626515918312828	NA	NA
78	Atp6v1h	-0.678385803841503	NA	NA
79	Atrx	0.827520940079133	0.942555058115285	NA
80	Atxn2l	0.629713593956333	NA	NA
81	Atxn7	1.44531186243715	1.34379658834413	NA
82	Atxn7l1	0.769836345321919	NA	NA
83	Atxn7l3b	-0.623670878340162	NA	NA
84	B3gntl1	1.37012523826267	0.775355617815292	NA
85	B4galnt2	4.05575758924089	3.40669007089663	NA
86	BC029214	1.02714441554567	NA	NA
87	BC037034	1.92338650265892	1.0911611713488	NA
88	BC068281	1.54966367684103	NA	NA
89	Bach1	0.720971268943761	0.70764874414124	NA
90	Bach2	0.92488884170101	NA	NA
91	Baz2a	0.97410053951595	1.28490443102362	NA
92	Baz2b	1.11455682354651	1.03035954868765	NA
93	Bcap29	-0.764612451117873	NA	NA
94	Birc6	0.926530373574544	1.01564149367335	1.14880763471364
95	Bnc2	5.14808873883123	NA	NA
96	Bnip3	-0.650047732023974	NA	NA
97	Bptf	1.43699104447174	0.727998954449032	NA
98	Braf	0.929990856123301	0.948418091166339	NA
99	Brpf1	0.58512238440861	NA	-0.597692546262158
100	C330006A16Rik	0.64784326432274	NA	NA
101	Cadm1	-0.705997885696012	NA	NA
102	Cahm	1.64166070744028	1.60500869512074	NA
103	Camk2g	1.44939707218899	NA	NA
104	Camta2	0.852934128129112	NA	NA
105	Capn2	-1.32271107932937	-0.800685680118507	NA
106	Casc4	-1.35262465911031	NA	NA
107	Ccar1	0.732931889133741	0.629468751864829	NA
108	Ccdc106	0.981794867870951	NA	NA
109	Ccdc142	1.59200105593741	1.75508446996528	NA
110	Ccdc66	1.51533258813956	NA	NA
111	Ccdc84	1.16770008617818	1.84502118407746	NA
112	Ccl3	1.15520017493487	NA	NA
113	Ccl6	-0.624499070051342	NA	NA
114	Ccnd1	1.0562327004204	NA	NA
115	Ccnl1	1.18327906118412	1.23494053712278	NA
116	Ccnt2	0.643054774865263	0.922915402934643	NA
117	Cd177	-17.6121535584962	-34.9617007044968	NA
118	Cd34	-0.747472251683125	NA	NA
119	Cd44	-4.98267273585531	NA	NA
120	Cd52	-0.987943591860077	NA	NA
121	Cd53	-0.600865006069338	NA	NA
122	Cd79b	-0.656956182724022	-0.780271573393731	NA
123	Cd9	-0.754460895006756	NA	NA
124	Cdc6	-5.41367703105617	NA	NA
125	Cdk12	0.940418123941562	NA	NA
126	Cdk16	1.00997093365657	0.776637990648799	NA
127	Cep164	1.43394755513592	NA	NA
128	Cep192	0.8875974314993	0.791833342723776	NA
129	Cep350	1.00293834061968	0.978882925131388	NA
130	Cep95	1.15322873974372	1.38551645347946	1.07474939728293
131	Cercam	-1.43000304284026	-0.869905669066346	NA
132	Cfap74	0.823277810928302	0.807603865595671	NA
133	Cflar	0.786875075254139	0.918361798932838	NA
134	Chd6	0.933260975862329	0.815460979643463	NA
135	Chd7	1.10781424336138	1.02520553814701	NA
136	Chd9	1.0595293963639	1.25895189253236	0.626557341493137
137	Chil3	-20.948972531262	-37.0640165872061	NA
138	Chst12	-0.59621825015931	-0.663691292226324	NA
139	Chuk	0.796467464219454	0.770538914738119	0.700645823387941
140	Cic	1.09848801595174	NA	NA
141	Clec1b	-1.30142354139195	NA	NA
142	Clec2d	3.24271113603334	3.93417361049091	NA
143	Clgn	0.940723426642704	NA	NA
144	Clip2	1.05668612823921	NA	NA
145	Clk1	1.36632497432364	1.54377000399839	NA
146	Clk4	1.04037566879004	1.35536654752345	NA
147	Cln5	-0.661623220795752	NA	NA
148	Cmpk2	-1.9408926824478	NA	NA
149	Cnih4	-0.587534359652551	NA	NA
150	Cntrl	1.10259091925687	1.35723503225515	NA
151	Cog1	0.592326539606848	NA	NA
152	Col15a1	0.97912224417362	0.593791688465286	NA
153	Col27a1	2.13014425328597	1.34797708602527	NA
154	Commd2	-0.626656820158059	NA	NA
155	Cox6a2	-1.23795627144887	NA	-1.0927214630048
156	Cox8a	-0.659609935533478	NA	NA
157	Cpsf1	0.595508305241723	NA	NA
158	Cpsf7	0.960679128296964	NA	NA
159	Cracr2b	0.994927491203415	1.04235988980252	NA
160	Crebbp	0.814318385715386	NA	NA
161	Crlf2	-0.831833280979778	-0.683304771123593	NA
162	Csad	0.645612523327051	NA	NA
163	Ctns	-0.633451706896724	NA	NA
164	Cxcl13	-4.65674729166883	NA	NA
165	Cxxc5	-0.635027992608927	NA	NA
166	Cyp4f18	-2.15859099455446	NA	NA
167	D17H6S56E-5	-0.667533224098179	NA	NA
168	D830031N03Rik	2.14391993282328	NA	2.56646531376671
169	Dalrd3	1.81516833819518	0.798395791176628	NA
170	Dclre1c	1.06212303039781	0.990943222435007	NA
171	Ddhd2	0.763432565861742	0.653764485893109	NA
172	Ddx17	1.24665901662316	0.961228218833081	NA
173	Ddx18	-0.66633566396654	-0.746054967310867	NA
174	Ddx3y	13.3284886747066	11.9551096314821	10.7786460817524
175	Ddx43	2.45818691352996	NA	NA
176	Ddx60	1.40544489608467	1.15804753471953	NA
177	Degs1	-0.652718054712415	-0.587105224892188	NA
178	Dennd4a	0.678725604990125	NA	NA
179	Dennd5a	0.594730618088476	NA	NA
180	Depdc5	0.859872220570575	NA	NA
181	Dhx37	0.836348308957186	NA	NA
182	Dido1	1.00932519689802	0.914097355722913	NA
183	Dnajc13	0.823729610944709	NA	NA
184	Dnmt3a	1.23400903276932	0.90972659864649	NA
185	Dolk	-0.63877307157089	NA	NA
186	Dpm3	-0.805976937761317	NA	NA
187	Dqx1	6.65578664660688	4.04818971793289	NA
188	Dst	2.33879607150037	1.58485009941751	NA
189	Dusp1	1.86096018294951	NA	NA
190	Dvl1	1.28309739218103	1.37655577659117	NA
191	Dync1h1	0.962459392852669	NA	NA
192	E330020D12Rik	1.64453542013762	2.1040138021831	NA
193	Eef2kmt	0.755736156698054	NA	NA
194	Egr1	1.68846251818782	NA	NA
195	Ehmt1	0.606925924794196	NA	NA
196	Eif2s2	-0.687996169658842	-0.728205676977488	NA
197	Eif2s3y	12.5714629933223	12.7960975726835	9.28834946512775
198	Eif4a2	0.795406793464338	1.37853470554941	NA
199	Eif4ebp2	1.13124796670429	0.813848695851301	NA
200	Elmsan1	0.679441588074839	NA	NA
201	Ep400	0.971484150698342	0.650719092024168	NA
202	Ephx1	-0.878263315151657	-0.645057607053876	NA
203	Exoc2	-0.659912599409994	NA	NA
204	F11r	-0.662498019867548	NA	NA
205	Fads3	2.36554545141047	1.25788858643419	NA
206	Fam102a	0.842358428307341	NA	NA
207	Fam120a	0.696665899335243	NA	NA
208	Fam149b	0.745020236340265	NA	NA
209	Fam168a	0.662051750201677	NA	NA
210	Fam193a	1.1026721431126	NA	NA
211	Fam193b	1.92372229387395	1.80285082069126	NA
212	Fam208b	0.860474883840514	1.01547018276774	NA
213	Fam64a	6.60890973183163	NA	NA
214	Fbxl18	1.6758581509358	NA	NA
215	Fbxo11	1.04601427529676	NA	NA
216	Fbxo5	1.81217023224792	1.49735617879939	NA
217	Fbxo9	0.991452512576619	0.873394386241957	NA
218	Fcnb	-17.0013231650915	-41.2652528452122	NA
219	Fgd2	0.627206756525288	NA	NA
220	Fhod1	1.46344676017197	NA	NA
221	Firre	1.73397870942285	2.70674042426677	NA
222	Fnbp1	0.717054941435435	NA	NA
223	Fnbp4	1.76834170298424	1.9402123440692	NA
224	Fndc3b	0.702752290485157	NA	NA
225	Fos	4.13028147127781	2.08678272554615	NA
226	Frg1	-0.718545172915578	-0.66723107353696	NA
227	Fry	1.20159032149279	NA	0.804122481925025
228	Fyb	0.59136273616223	NA	NA
229	Fyco1	1.59557546485325	1.57453890958545	NA
230	Fzd8	-1.69993435405398	-0.711506648029637	NA
231	Gab2	1.04803430978164	0.621220531267776	NA
232	Galns	-0.835841481094441	NA	NA
233	Garem	5.90318863960291	NA	NA
234	Gas5	0.927675789830854	1.43900981140311	NA
235	Gbp7	0.947180837469884	NA	NA
236	Gdi1	0.978135523550134	0.618165968745696	NA
237	Gfm2	0.758403111258151	0.93578426705517	NA
238	Gigyf1	1.21431027649988	1.31963930978944	NA
239	Ginm1	-0.641693924465471	NA	NA
240	Gm10336	1.42652492621374	NA	NA
241	Gm11944	2.47054496293802	NA	NA
242	Gm15800	1.45157269277962	1.13221785142446	NA
243	Gm16712	5.85211286980538	3.16365589090797	NA
244	Gm16973	2.56966298800185	3.04194485681946	NA
245	Gm17066	1.6349694440932	1.34687408789462	NA
246	Gm19689	2.64348180221837	NA	NA
247	Gm20605	3.30289578295544	4.15843895764781	NA
248	Gm3636	2.39943056189295	1.17256606182032	NA
249	Gm4925	6.12757196459896	NA	NA
250	Usf3	1.56175313466729	0.850579260818321	NA
251	Gna11	0.725611383860744	NA	NA
252	Gnat1	-9.79545753696419	NA	NA
253	Golga4	1.2625149192456	1.11763657909027	NA
254	Golt1b	-0.64292960184676	-0.82904018311444	NA
255	Got2	-0.641017391423119	-0.667844381316996	NA
256	Gpr155	-0.842899116967401	NA	NA
257	Gpr183	-0.662073540284608	NA	NA
258	Gpx1	-0.676315462127476	NA	NA
259	Gpx3	3.581477816812	NA	NA
260	Gpx7	-3.27823018468526	NA	NA
261	Gramd1a	1.23127623846891	1.15601293895535	NA
262	Gsr	-0.734642798283324	NA	NA
263	Gstm5	-0.727785382522973	NA	NA
264	Gsto1	-0.590470481998844	NA	NA
265	Gtf2e1	-0.908878557495524	NA	NA
266	Gtpbp2	1.22126646246013	0.838415256467064	NA
267	Gtpbp6	1.81091033424642	1.63071455798899	NA
268	Haao	-1.25752513422381	NA	NA
269	Hacd3	-0.604629277979934	NA	NA
270	Haus1	-0.801024522817192	NA	NA
271	Hcst	-1.00039201265755	NA	NA
272	Hdac10	1.06086463658742	0.754671910360923	NA
273	Hdac9	-1.13354289195839	NA	NA
274	Herc1	1.34866773761155	1.68616164173565	1.14441540629607
275	Herc2	0.975125181274924	0.699075026782142	NA
276	Hgsnat	-0.650458023299457	NA	NA
277	Hhat	-1.12920498173334	NA	NA
278	Hipk1	0.801291999367616	NA	NA
279	Hipk2	0.975612289118409	0.926814528929308	NA
280	Hist1h1d	4.42188579572098	2.65456636202911	NA
281	Hist1h1e	2.11689901987961	1.41945874429479	NA
282	Hist1h2ac	6.76806140632673	6.77869300915098	NA
283	Hist1h2ae	3.33058869186168	2.71314766113836	NA
284	Hist1h2bc	1.13769236243614	NA	NA
285	Hist1h2be	2.90513223495745	0.932944928232406	NA
286	Hist1h2bg	4.18377359220847	3.40864907790358	NA
287	Hist1h3e	5.58133543218681	5.26824378278408	NA
288	Hist1h4c	3.84116279919144	2.48562268276174	NA
289	Hist1h4d	1.0356650541722	1.27119217773967	NA
290	Hist1h4i	2.64984079919487	2.03901900356776	NA
291	Hist2h2bb	6.49589898485263	3.76874241020408	NA
292	Hist4h4	5.04169169649208	6.66031797549136	NA
293	Hivep3	1.06758734739788	0.825700096554509	NA
294	Hk2	-0.632567760799343	-0.767846073441513	NA
295	Hmbox1	1.23315837915745	1.09422196926798	NA
296	Hmgn3	-0.863652165100982	NA	NA
297	Hnrnph1	0.697452922518908	0.668722673338128	NA
298	Hp	-15.8064567476968	-32.8141029940954	NA
299	Hsd17b12	-0.616053204282764	-0.607700366999287	NA
300	Hsd3b7	0.705681853110931	NA	NA
301	Hsf1	0.758702833964783	NA	NA
302	Hsp90aa1	0.706752848151746	NA	NA
303	Hsp90ab1	1.15950270055313	NA	NA
304	Htra2	0.759247431421383	NA	NA
305	Htt	1.21451472467673	1.20567025301694	1.22066282168373
306	Huwe1	1.9223142400978	1.7999382890368	NA
307	Ice1	0.92271585561463	NA	NA
308	Ier2	1.53157446298191	NA	NA
309	Iffo1	0.841302873541905	NA	NA
310	Iffo2	1.02002620989136	NA	NA
311	Ifi44	-4.60181268675892	NA	NA
312	Ifrd1	0.679421378115155	0.894879872388165	NA
313	Igf1r	1.0206638144714	0.733595713459926	NA
314	Igflr1	3.44449274848381	3.34144354200705	NA
315	Ikbkb	0.651810178161081	NA	NA
316	Ino80d	1.15299949277837	0.848545181160627	0.839324743600534
317	Inpp4a	1.65668692542306	1.00271981329684	NA
318	Iqsec2	1.04451945345749	NA	NA
319	Irak1	0.804353726943064	NA	NA
320	Itch	-0.63407664050435	NA	NA
321	Itgb3bp	-1.0428602715846	NA	NA
322	Itpkb	1.04961790220268	NA	NA
323	Ivns1abp	0.862076030611723	0.960752832667375	NA
324	Jade2	0.851665830399477	NA	NA
325	Jdp2	1.34818985066289	NA	NA
326	Jmjd1c	0.748001843817481	NA	NA
327	Jun	1.83529438039959	1.23394311277355	NA
328	Kat2b	0.799317937641222	0.858353800311222	NA
329	Kat6b	1.2200347782247	1.15558048276184	NA
330	Kcnk13	-0.623323190682873	NA	NA
331	Kdm2a	0.819260256198095	NA	NA
332	Kdm3b	0.771599791480888	NA	NA
333	Kdm5d	10.647443548866	11.158665552618	9.38628041056251
334	Kif1c	1.74631186334703	NA	NA
335	Kif21b	1.37408345830911	0.932192813262824	NA
336	Kif23	7.3739960928372	NA	NA
337	Kifc2	5.79548535619712	NA	NA
338	Kitl	0.999252975982392	NA	NA
339	Kl	19.4709527898544	NA	NA
340	Klc2	1.84163426958157	NA	NA
341	Klhl7	-0.773944917264363	NA	NA
342	Kmt2a	1.61917012420713	1.18518650966094	NA
343	Kmt2b	1.32548492666137	NA	NA
344	Kmt2c	1.50137250591476	1.51332963177386	0.604946210566632
345	Kmt2d	1.77578959691912	1.18367032345155	NA
346	Kynu	-3.85495976800087	NA	NA
347	Lamp2	-0.759263900790031	NA	NA
348	Lats1	0.710117890683359	NA	NA
349	Lbr	-0.603192266937503	NA	NA
350	Lcn2	-15.9906992396457	-41.4489668431512	NA
351	Lcor	1.65296856526809	1.4606489649853	NA
352	Leng8	1.69520158316255	0.717125368713372	NA
353	Lime1	2.39005720532955	3.12823121662292	NA
354	Lmln	1.05401307596137	NA	NA
355	Lrguk	-2.49799469485898	NA	NA
356	Lrp1	0.796442785283124	NA	0.651482352458097
357	Lrp5	0.965933331266559	NA	NA
358	Lrp6	0.942692738184046	NA	NA
359	Lrrc45	1.72441785722436	2.09206608053168	NA
360	Ltf	-15.6344962846965	-36.0279482769833	NA
361	Lyrm9	1.47628653161492	0.749832844911641	NA
362	Macf1	1.74882135193993	1.6354203014644	NA
363	Madcam1	-5.12753807327001	NA	NA
364	Mafg	0.864253844937396	NA	NA
365	Map2k7	1.15008294938776	NA	NA
366	Map3k14	1.19730245123377	0.764187572998507	NA
367	Map3k9	1.03799455371863	NA	NA
368	Map4k2	1.29466212861565	NA	NA
369	Map4k4	0.967445957597525	0.651554055964976	NA
370	Marf1	1.67324251896166	1.23674893468348	NA
371	Mast3	0.591615841425114	NA	NA
372	Mau2	0.722843614321062	0.718227081640459	NA
373	Mdm4	1.36366510101393	1.08004770243547	NA
374	Mdn1	2.10841520445711	0.929019626827027	NA
375	Mecp2	0.655399173577957	NA	NA
376	Med12l	0.633186232466667	1.11115612171959	NA
377	Med13l	0.667569398450891	0.776156306984623	NA
378	Megf8	1.49701814005814	1.28067765589981	NA
379	Mfhas1	1.00670703416393	0.61490611021696	NA
380	Mga	0.968224879492669	1.02237976931485	NA
381	Mgea5	1.09174956575522	0.901523098325466	NA
382	Mib2	0.754843675129356	0.69129277486535	NA
383	Micu3	1.47070844393176	1.42571961798452	NA
384	Miip	1.20069928156521	1.18447966322047	NA
385	Mir703	-1.13961021286775	NA	NA
386	Mlh3	1.12400674801254	0.680147203186091	NA
387	Mllt6	1.71227748601404	NA	NA
388	Mlxip	0.724796077615281	NA	NA
389	Mlxipl	0.987111682635592	NA	NA
390	Mprip	0.858942235762699	NA	NA
391	Mrgbp	1.18784027771149	0.883351582838387	-0.875890233699442
392	Msl1	0.665954150761229	NA	NA
393	Mthfr	1.18267787596469	0.898372247185244	NA
394	Mtmr11	2.26685136224313	NA	NA
395	Mtor	1.10730497543246	NA	NA
396	Mtx3	1.75244710456809	2.79342739864805	NA
397	Mx2	2.03868902283305	2.23628338996785	NA
398	Mycbp2	1.33088204379275	0.946889517110668	0.766714928150791
399	Myo15	5.94905708531229	NA	NA
400	Myo7a	0.803698508244055	NA	NA
401	Myo9b	0.867583579451955	NA	NA
402	Mysm1	1.04406394242424	0.90547999442204	0.800935961090061
403	Napb	1.87256216207453	1.94006913719428	NA
404	Nav1	1.07645477985271	NA	NA
405	Nav2	0.909606443739804	1.1957964834629	NA
406	Nbeal1	1.45824947821987	1.47337207570309	NA
407	Ncapd2	1.53876237019572	NA	NA
408	Ncoa3	0.597250124230487	NA	NA
409	Ncor1	0.653292216489807	NA	NA
410	Ncor2	1.24711913825328	NA	NA
411	Ndufa1	-0.780528059507076	NA	NA
412	Neat1	2.14629571907447	2.66827086602769	NA
413	Neurl4	1.58715066954489	NA	NA
414	Nf2	0.787027002669741	NA	NA
415	Nfat5	1.34190027785234	1.60601248101994	1.08116746649225
416	Nfatc2	0.817671132419446	NA	NA
417	Nfkbid	1.63570990972937	1.59217591057526	NA
418	Nfkbiz	1.27657796145873	2.28417582748776	NA
419	Nfrkb	1.15492984659624	NA	NA
420	Nfya	1.27616148080395	NA	NA
421	Nkapl	-2.12318839374427	-1.41685828006621	NA
422	Nktr	1.2697426030894	1.10937586161434	NA
423	Nlrp1b	1.4683331189509	1.43657417098951	NA
424	Nlrp3	0.93838937951462	NA	NA
425	Nmt2	1.40392611281309	0.946197745350721	NA
426	Nod2	4.38753661367626	NA	NA
427	Nos1ap	0.859832435888059	0.939935242643227	NA
428	Notch1	0.712366859365158	NA	NA
429	Npnt	-0.879194582364813	NA	NA
430	Nptn	-0.717765076665581	NA	NA
431	Nrm	-0.621968674815411	NA	NA
432	Nsd1	0.975419010896552	0.813466166071911	NA
433	Ntpcr	0.603601263664839	NA	NA
434	Nudt14	-0.747763442848257	NA	NA
435	Nxf1	0.871763481048997	1.14256584649438	NA
436	Oasl2	-1.70170574788285	NA	NA
437	Ofd1	1.30193533349132	NA	NA
438	Ogfod3	-0.647407647174116	NA	NA
439	Olfm4	-2.66880248321344	NA	NA
440	Osm	0.796967041849515	NA	-0.758077903326827
441	P2rx1	-0.903098124177148	-0.690364372122302	NA
442	Pan3	1.30259075681858	1.10456127767507	NA
443	Particl	1.490301532022	1.37788942238864	NA
444	Paxbp1	0.999326881026054	1.33723916685403	NA
445	Pcdhb22	-1.10020289551455	NA	NA
446	Pcf11	0.682402457431351	0.691057964120586	NA
447	Pcnp	0.646454711069858	NA	NA
448	Pcyox1	-0.850333511417061	NA	NA
449	Pde1b	3.20716314452469	3.51279012754896	NA
450	Pecr	-0.60380471526684	NA	NA
451	Per1	1.94834428564619	NA	NA
452	Per2	2.44903008440243	NA	NA
453	Per3	1.57547689647783	0.822501835202412	NA
454	Perp	-1.59770183782187	NA	NA
455	Pfas	1.10188015022119	NA	NA
456	Phactr4	1.0554518634584	NA	NA
457	Phc3	0.686637536427266	0.911534237537976	0.613528970732482
458	Phf1	1.3053334333181	0.639402537548117	NA
459	Phf12	0.706363524709522	NA	NA
460	Phf20l1	0.586350525659727	0.750547021393676	NA
461	Phf21a	0.92347962935686	NA	NA
462	Phldb1	1.73600979182868	NA	NA
463	Phospho1	1.49751082366557	1.66229906132666	NA
464	Phxr4	1.77074382518203	NA	2.53114403222353
465	Pip4k2b	1.22655562370427	NA	NA
466	Pisd-ps1	1.2078792274742	1.73298153603065	NA
467	Pisd-ps3	1.29470966381665	1.58355028618709	NA
468	Pkd1	0.771919074386316	NA	NA
469	Pkp4	2.02390064945846	1.2613024862334	NA
470	Plcb2	0.750108611707581	NA	NA
471	Plekhm2	1.94720467340487	NA	NA
472	Plekhn1	3.72483093647524	NA	NA
473	Plxna4	0.622826223859945	NA	NA
474	Pnisr	1.62724176515881	1.1024297513914	0.727963512751365
475	Pnn	0.823675299861759	1.12896694383764	NA
476	Pnrc1	-0.707251946541701	NA	NA
477	Pogz	0.692991115140135	NA	NA
478	Polr2a	0.721330513851393	NA	NA
479	Polr3gl	0.712154869853071	NA	NA
480	Plpp1	-1.05361135839297	-0.597648068647494	NA
481	Ppm1h	0.74463587576773	NA	NA
482	Ppp1r12c	0.886068637691082	NA	NA
483	Ppp1r16a	1.04006045452161	NA	NA
484	Ppp1r9a	1.07959551473564	0.820135885455358	NA
485	Ppp1r9b	0.99575845610579	NA	NA
486	Ppp2r3d	1.61264605224353	NA	NA
487	Ppp4r1l-ps	1.708237966746	1.12940652690712	NA
488	Ppp6c	-0.648571364807467	NA	NA
489	Prdm2	0.961761314897238	1.09583471679362	NA
490	Prdx4	-0.804095038408968	NA	NA
491	Prkacb	-0.833243168531983	-0.796485231827575	NA
492	Prkce	1.1056295336658	NA	NA
493	Prkcz	3.02364447804474	NA	NA
494	Prnp	-0.990943671056041	-1.14356139370978	-1.25939195764382
495	Prpf40b	1.49777262178063	1.022817447656	NA
496	Prr18	7.313843803223	NA	NA
497	Prrc2a	1.76530153210976	NA	NA
498	Prrc2b	0.951704325207501	0.778019167665449	NA
499	Prrc2c	1.39488025980033	0.773477920876069	NA
500	Psme2b	1.24000086306705	0.853127950452081	NA
501	Psme4	0.818257733943515	NA	NA
502	Pstpip1	-2.15934690965831	NA	NA
503	Ptbp2	1.62780279009541	2.00891117803454	NA
504	Ptdss1	-0.641023378039028	NA	NA
505	Ptger1	1.36177511469505	0.803030479694299	NA
506	Ptger4	5.35587183440233	NA	NA
507	Pum2	0.815674373248944	NA	NA
508	Pvt1	2.21203771629153	1.80893062752834	NA
509	Ifi208	5.64193831961991	NA	NA
510	R3hcc1	1.44819041989453	NA	NA
511	R3hdm2	0.975054715313475	NA	NA
512	Rab24	0.678516853332656	NA	NA
513	Rab7b	5.12749400855849	NA	NA
514	Rab9	-0.659718807715743	NA	NA
515	Rabl6	0.703205760842381	NA	NA
516	Rai1	1.21900541398549	NA	NA
517	Ralgds	1.36760886439508	NA	-1.08195357469076
518	Ramp1	-0.60779327202174	NA	NA
519	Rapgef1	0.922494986112333	NA	NA
520	Rassf2	0.724797204122864	NA	NA
521	Rbbp5	-0.597070704246125	NA	NA
522	Rbm33	1.264998023863	1.08235784072859	NA
523	Rcn1	-0.801628207988194	NA	NA
524	Rdh11	-0.588090589496038	NA	NA
525	Rere	0.71898206786091	NA	NA
526	Rexo1	0.802332495905132	NA	NA
527	Rfesd	0.89666762373263	NA	NA
528	Rgl2	1.58732219339076	1.50797333583908	NA
529	Rgs1	0.908324186096633	1.02584292914877	NA
530	Rhbdd3	0.738730708493231	NA	NA
531	Rho	-9.47565031676105	NA	NA
532	Rhobtb1	0.80376315784187	NA	NA
533	Rnf128	-0.646968145333236	NA	NA
534	Rnf20	0.840331045446021	NA	NA
535	Rpl10	2.40844488552039	2.0026680126809	NA
536	Rpl10a	1.50298134180423	1.64208525517186	NA
537	Rpl13a	-0.708146355810251	NA	NA
538	Rpl32	-0.907552420920763	NA	NA
539	Rpl37	-0.943045445979639	NA	NA
540	Rpl37a	-0.989175481784591	NA	NA
541	Rplp1	-0.792608983018225	NA	NA
542	Rplp2	-0.898015525383116	NA	NA
543	Rps11	-0.606926066498327	NA	NA
544	Rps14	-0.790253676680706	NA	NA
545	Rps3a1	-0.621341477357513	NA	NA
546	Rreb1	0.762116851922657	NA	NA
547	Rrnad1	1.72401488114586	1.72997555767987	NA
548	S100a9	-15.3365291949512	-11.4678280904142	NA
549	S1pr1	-0.586382643558262	NA	NA
550	Safb2	0.887840709016906	1.14967582745262	NA
551	Sall3	0.714548338756126	NA	NA
552	Samd1	1.52348026866544	NA	NA
553	Sbf1	1.00788722017744	NA	NA
554	Scai	2.10327104494503	1.25646244088625	NA
555	Scimp	-1.12162551266076	NA	NA
556	Scrib	1.2899634653992	NA	NA
557	Sdccag3	1.01078699215114	0.630165401291927	NA
558	Sdr39u1	0.911592820463785	0.833410702114849	NA
559	Sec16a	0.606459739640546	NA	NA
560	Sec22a	-0.613823510044993	NA	NA
561	Sec62	-0.613108793609178	NA	NA
562	Secisbp2	1.18307466575172	0.708437193213464	NA
563	Senp3	0.626895526284442	NA	NA
564	Serpine2	-0.603433857480149	NA	NA
565	Serpinf2	6.47078691745869	NA	NA
566	Setd4	2.02390391347486	NA	NA
567	Setd5	1.15165731439773	0.757544944873487	NA
568	Sgpl1	-0.686938444724904	NA	NA
569	Sgpp1	-0.762085421107472	NA	NA
570	Sh2b3	0.607010330889767	NA	NA
571	Sh3pxd2a	1.29459128875991	1.33044890658528	NA
572	Shtn1	4.61594944245839	NA	NA
573	Sik2	0.948988345059043	0.715168690353203	NA
574	Ska3	4.8265883954877	NA	NA
575	Slamf7	5.0434006022541	NA	NA
576	Slamf9	-0.91273501767013	-0.627834673892627	NA
577	Slc16a3	-0.774914523082703	NA	NA
578	Slc25a28	0.642963791964683	NA	NA
579	Slc25a37	1.8194788330807	1.37559751085055	NA
580	Slc2a1	-0.618102657653207	NA	NA
581	Slc35b2	-0.8147199321007	NA	NA
582	Slc36a1	1.15416277392306	NA	NA
583	Slc38a6	1.72674964548128	1.46420692333836	NA
584	Slc44a2	-0.637844021079364	NA	NA
585	Slc46a1	-0.595920006322302	-0.840545022365876	NA
586	Sltm	0.664774406578866	0.854398486372204	NA
587	Smarce1	0.638964306790707	NA	NA
588	Smg1	1.72321544733308	2.22130859960735	0.882985631311733
589	Smg5	0.741276992759625	0.825258114883412	NA
590	Smg6	0.923143166534008	NA	NA
591	Smox	0.681739001507785	NA	NA
592	Smpd5	1.00036539900468	0.761561613055138	NA
593	Smpdl3a	-0.58939646917171	NA	NA
594	Snhg1	1.78607264964152	2.57546064891751	NA
595	Snhg17	2.94130624663508	3.05062051028288	NA
596	Snhg20	1.84296581857328	2.30827370710074	NA
597	Snhg5	2.06623894779351	2.03274443628966	NA
598	Snn	0.650315055548075	NA	NA
599	Snora68	3.97309619887022	2.27331546197779	NA
600	Snora70	5.72716102247816	NA	NA
601	Snrpb2	-0.689912757317235	NA	NA
602	Snx29	0.67007459151344	1.63005336386083	0.951809628083693
603	Soga1	0.834246935312067	NA	NA
604	Sorl1	1.18562277628828	NA	NA
605	Spen	1.05591332209907	0.996857145039392	-1.02653764896771
606	Sppl2a	-0.910660096150249	NA	NA
607	Srcap	1.65036915912336	1.48374679535307	NA
608	Srgn	-0.595856436735588	NA	NA
609	Srsf5	0.78497067178474	0.970203972221417	NA
610	Ssh3	2.33906974377372	NA	NA
611	Stab1	0.927655043176883	NA	NA
612	Stag3	7.39449253743597	NA	NA
613	Sugp2	1.22938055064319	1.6717316003425	NA
614	Suox	-0.837182823014844	NA	NA
615	Szt2	2.40400206499513	NA	NA
616	Tab2	0.776470580705199	NA	NA
617	Taf1a	1.74625982009949	1.19429117654815	NA
618	Tagap1	1.49876107536497	0.963178889478158	NA
619	Tanc2	0.75878557684434	NA	NA
620	Taok1	0.924362298151072	1.049963179302	NA
621	Tbc1d16	1.301385543519	NA	NA
622	Tbc1d19	-0.739187416161153	NA	NA
623	Tbl1x	0.610904551039404	NA	NA
624	Tbx6	3.13905978558073	NA	NA
625	Tcirg1	0.698934878747791	NA	NA
626	Tecr	-0.671090260012561	-0.760111881173449	NA
627	Tep1	0.657125617369311	NA	NA
628	Tet2	1.40651482359692	1.55828673705985	NA
629	Tet3	1.34590067037177	1.25000305630438	NA
630	Tex261	-0.61408338396287	-0.71380629653436	NA
631	Tfrc	-1.58120269673992	NA	NA
632	Thap6	1.50819345395875	NA	NA
633	Tlr2	-0.716605295448839	NA	NA
634	Tlr3	-0.695349020528484	-0.748432940138447	NA
635	Tm2d2	-0.599211376781554	NA	NA
636	Tmem154	-1.2566487761206	NA	-1.0566500089014
637	Tmem160	-0.741794850183487	-0.716018363179551	NA
638	Tmem184c	1.23295646661519	NA	NA
639	Tmem19	-0.655734417055569	NA	NA
640	Tmf1	0.59421644042407	0.896737228429116	NA
641	Tnfsf8	2.16311420195996	NA	NA
642	Tnrc18	1.82155488120183	0.912555515936729	NA
643	Tnrc6a	1.35550582399042	1.19360480424652	NA
644	Tnrc6b	0.695647928163745	0.807703146051995	NA
645	Tnrc6c	1.19080137218591	NA	NA
646	Tns1	0.767387895765534	NA	NA
647	Tns3	0.674227213043074	NA	NA
648	Tomm6	-0.645091343283161	NA	NA
649	Tor3a	-0.649170943906578	NA	NA
650	Tpbg	5.15981435827441	NA	NA
651	Traf3	1.21503630556526	NA	NA
652	Trak1	0.846550748944385	NA	NA
653	Tram1	-0.709866529568702	NA	NA
654	Trim44	0.950023665828294	0.883866255415585	NA
655	Trio	1.20459179072052	0.817758349186811	NA
656	Trip11	0.777265804478942	1.33151254922763	NA
657	Trip6	3.16368435094739	3.98738850859326	NA
658	Trmt1	0.718807047192777	NA	NA
659	Trmt13	0.936445485989975	1.30792564674513	NA
660	Trpm2	1.01173858863424	NA	NA
661	Trpm7	0.891244753739899	1.17541530221108	NA
662	Trrap	1.20822806871831	NA	NA
663	Tsix	-6.48194218198015	-5.35667140231454	-6.01462484937371
664	Tspan33	-0.677027542946643	NA	NA
665	Tstd1	2.60531098285742	NA	NA
666	Ttc3	0.974563887424574	0.697062166992944	NA
667	Ttc7	0.672525368034985	NA	NA
668	Ttf1	0.708562371230775	0.610862611367758	NA
669	Ttll3	3.38382284288274	2.0031626869167	NA
670	Ttyh3	0.997247004450317	NA	NA
671	Tubgcp4	0.808486607994125	0.862886749133591	NA
672	Tvp23a	2.27989645281548	2.75921770028022	NA
673	Txlng	0.995339594406144	0.782410640420112	NA
674	Txnl4b	0.761220225801149	NA	NA
675	Ubn2	1.31653143877634	1.09907449947875	0.943595680812359
676	Ubr2	0.826881909959293	NA	NA
677	Ubr4	1.3238411988539	1.15756185823052	NA
678	Ubr5	1.18522666302817	0.825456533419416	NA
679	Uckl1	0.922080240106187	NA	NA
680	Ugt1a7c	-0.714219015823422	NA	NA
681	Uimc1	0.836277475360294	0.943907063121034	NA
682	Upf2	0.883307270116769	0.652260586497169	NA
683	Usp24	0.77874385638048	0.618323036816109	NA
684	Uty	9.60240761751864	11.3586292778196	10.9171892836404
685	Vash1	1.51772998250056	NA	NA
686	Vasn	5.12999026260517	NA	NA
687	Vmp1	-0.587271667312968	NA	NA
688	Vps51	0.622445408246303	NA	NA
689	Vps9d1	0.98596258145005	0.881634711400224	NA
690	Wdfy1	1.22469622413193	1.20433057955194	NA
691	Wdfy3	0.982488998838959	0.79186834526275	NA
692	Wdfy4	0.833003552221738	NA	NA
693	Wdr26	0.656537714676049	NA	NA
694	Wdr81	0.713607115900551	NA	NA
695	Wdr83os	-0.675079164551632	NA	NA
696	Wnk1	1.06761209832275	1.01340242170457	NA
697	Wwc1	5.96990884487335	NA	NA
698	Wwox	-1.08710784645781	NA	NA
699	Xist	-11.828273104692	-10.428671709983	-12.5864833540756
700	Yipf4	-0.631075111606542	NA	NA
701	Ythdc1	0.734290269606089	0.59264418380586	NA
702	Zbed3	0.86122288261174	NA	NA
703	Zbed6	2.40108275956075	1.66117546579574	NA
704	Zbtb20	0.866661093981521	0.64321222852942	NA
705	Zbtb34	0.752476517306249	NA	NA
706	Zbtb48	1.13702532935731	1.07981823373873	NA
707	Zc3h11a	0.898028796679093	0.693020335145359	NA
708	Zc3h12a	2.76764266545633	1.53052176882478	NA
709	Zc3h13	1.9096987116782	1.5611219814692	NA
710	Zc3h7a	1.27208350781246	1.57319451304821	NA
711	Zc3h7b	1.88556882475731	NA	NA
712	Zcchc14	1.49887338894468	NA	NA
713	Zcchc24	0.678515289942413	NA	NA
714	Zcchc7	1.20729812588946	1.43485696991077	NA
715	Zdhhc8	0.681427447275244	NA	NA
716	Zfc3h1	0.881798984493123	0.877835618224762	1.04979956269641
717	Zfhx3	1.13522451317707	0.616556532983807	NA
718	Zfp202	1.19036758388992	1.04168187520441	NA
719	Zfp207	-0.617905282687538	NA	NA
720	Zfp217	1.12758689576728	NA	NA
721	Zfp236	0.753773135789297	0.75711325690841	0.850298900779898
722	Zfp276	0.909740102591973	1.0555807557538	NA
723	Zfp36	1.11171059975543	0.589568352454325	NA
724	Zfp408	0.737253690776825	1.26569305508598	NA
725	Zfp445	0.948004957465162	0.905300986747132	NA
726	Zfp532	0.96559274653639	0.59110255809506	NA
727	Zfp598	0.946314494230802	NA	NA
728	Zfp608	1.16036313187917	0.84809938472451	NA
729	Zfp609	1.14049601655629	0.903910033602279	NA
730	Zfp641	3.65969430164642	NA	NA
731	Zfp653	0.941614958548339	0.802721129848082	NA
732	Zfp668	0.68476798970244	NA	NA
733	Zfp69	0.772668987689783	0.930888519453182	0.59652244749785
734	Zfp692	1.07861631103607	NA	NA
735	Zfp704	1.28456808196602	0.960954083163305	NA
736	Zkscan3	0.610595179984123	NA	NA
737	Zmat1	1.02086143595144	NA	NA
738	Zmiz1	0.632820043421055	NA	NA
739	Zmym6	1.52518468416703	1.21475684142566	NA
740	Znf512b	2.21181110881278	NA	NA
741	Znrf1	0.710924638291954	0.595640756759824	NA
742	Zrsr1	2.01121975142671	NA	NA
743	Zscan2	2.38796373616267	NA	NA
744	Zscan26	1.3741706127894	1.19322847388702	NA
745	Zswim1	-0.637538618065996	-0.65979618696374	NA
746	Zswim8	1.27079634448044	NA	NA
747	Zzef1	1.09867333592182	0.832908538639789	0.968886044960096
748	1500015O10Rik	NA	5.60510082901796	NA
749	1700015E13Rik	NA	2.00993441192375	NA
750	1700029J07Rik	NA	1.91377965499102	NA
751	1700067K01Rik	NA	1.26716765268187	NA
752	1700084E18Rik	NA	3.59350950836748	NA
753	1700094D03Rik	NA	2.50580660387913	NA
754	1700110C19Rik	NA	2.88447129910616	NA
755	1810032O08Rik	NA	3.42627128276718	NA
756	Ndufaf8	NA	-0.652830218332978	NA
757	2010111I01Rik	NA	1.37480293683134	0.916052949921894
758	2310022B05Rik	NA	-0.604052110360993	NA
759	2310035C23Rik	NA	1.03760626482711	NA
760	2410006H16Rik	NA	1.08461581498578	NA
761	2410089E03Rik	NA	1.63854172413895	1.59292109162652
762	2510002D24Rik	NA	0.771186575374599	NA
763	2610008E11Rik	NA	0.693500783279941	NA
764	2700097O09Rik	NA	0.910266386577773	NA
765	2900005J15Rik	NA	1.09734537428777	NA
766	2900060B14Rik	NA	2.37160543172614	NA
767	4632415L05Rik	NA	0.683785551722353	NA
768	4632427E13Rik	NA	1.11775417891175	NA
769	4632428C04Rik	NA	1.69488102047213	NA
770	4930402H24Rik	NA	1.29906499035138	NA
771	4930404I05Rik	NA	3.79002980984429	NA
772	4930440C22Rik	NA	-6.72897764163303	NA
773	4930479D17Rik	NA	2.61160523635376	NA
774	4930481A15Rik	NA	0.953081183931132	NA
775	4930503L19Rik	NA	0.951199229928947	NA
776	4930549G23Rik	NA	1.47128087807921	NA
777	4930557K07Rik	NA	2.82155779076292	NA
778	4930579G18Rik	NA	2.70941801729683	NA
779	4930581F22Rik	NA	2.47930001087821	NA
780	4930594C11Rik	NA	1.6937954904372	1.17469983761691
781	4930599N23Rik	NA	0.681770794087788	NA
782	4931406H21Rik	NA	1.66279335884523	NA
783	4931431C16Rik	NA	0.687742785054674	NA
784	4933406I18Rik	NA	1.65893866309608	NA
785	4933421O10Rik	NA	0.879022565860955	NA
786	4933431G14Rik	NA	2.67362357646088	NA
787	4933439C10Rik	NA	1.37159209626905	NA
788	5031425E22Rik	NA	0.891460894651335	NA
789	5031434O11Rik	NA	4.95015350365298	NA
790	Dubr	NA	0.953629258972762	NA
791	5430405H02Rik	NA	0.742606329512379	NA
792	5430416N02Rik	NA	2.7411229152233	NA
793	5530601H04Rik	NA	1.09380519912487	NA
794	5830417I10Rik	NA	0.800221115758812	NA
795	6230400D17Rik	NA	1.9395604234847	NA
796	6330407A03Rik	NA	1.81008147911006	NA
797	6820431F20Rik	NA	2.1239499527989	NA
798	9130019P16Rik	NA	1.9029404722437	NA
799	9330151L19Rik	NA	2.32562945041505	NA
800	9330175E14Rik	NA	2.26103130678144	NA
801	9430015G10Rik	NA	0.87846445303716	NA
802	9930021J03Rik	NA	0.836589628069722	NA
803	9930104L06Rik	NA	0.910707192812155	NA
804	9930111J21Rik1	NA	1.53048257282106	NA
805	A230056P14Rik	NA	1.25998997631366	NA
806	A330040F15Rik	NA	2.31401523239571	NA
807	A530072M11Rik	NA	1.62456925861758	NA
808	A630089N07Rik	NA	1.66826969015102	NA
809	AI450353	NA	2.85663646316529	NA
810	AU022793	NA	0.880482443349809	NA
811	Aar2	NA	-0.689095943280943	NA
812	Abcb6	NA	-0.596390525042325	NA
813	Abcc5	NA	1.23947833971687	NA
814	Acvrl1	NA	-0.706122851289185	NA
815	Adamts10	NA	1.70584412893724	NA
816	Adamts16	NA	0.995280520876939	NA
817	Adck5	NA	0.803836211301063	NA
818	Adgrg1	NA	-0.620839933623468	NA
819	Adssl1	NA	-0.607924511759182	NA
820	Afap1	NA	0.781346980903462	NA
821	Ago3	NA	0.901211262038374	NA
822	Agtpbp1	NA	1.06274885397167	NA
823	Ahctf1	NA	0.833104671716629	NA
824	Aif1	NA	-0.597701439510151	NA
825	Aim2	NA	1.06258539946157	NA
826	Akap11	NA	0.777511445987988	NA
827	Akap9	NA	0.600223948343077	NA
828	Aldoc	NA	-1.92495946928008	NA
829	Alg3	NA	-0.797160985665869	NA
830	Alkbh1	NA	0.878418187280773	NA
831	Alpk1	NA	1.18039495631433	NA
832	Amer1	NA	1.13413006583853	NA
833	Angpt2	NA	2.60549929164967	NA
834	Angptl7	NA	-0.593831402907313	-0.939756311871166
835	Ankhd1	NA	0.951640170333609	NA
836	Ankrd12	NA	0.775489776755438	NA
837	Ankrd16	NA	2.48185705882811	NA
838	Ankrd23	NA	3.32195232821619	NA
839	Ankrd26	NA	0.856599091450287	NA
840	Ankrd34b	NA	5.51369209509067	NA
841	Ankrd39	NA	1.01325277427891	NA
842	Ankrd52	NA	2.11033251424666	NA
843	Ankzf1	NA	0.724170929362291	NA
844	Anln	NA	2.83287853987299	NA
845	Ano10	NA	-0.638243375665617	NA
846	Ano6	NA	-0.761971546026273	NA
847	Anxa1	NA	-6.5051030423192	NA
848	Apbb3	NA	1.65770022101427	NA
849	Apobec1	NA	0.704792474682246	-0.595129161881455
850	Arfgef1	NA	0.908605825500182	NA
851	Arglu1	NA	0.851585944338149	NA
852	Arhgap11a	NA	0.950691289881442	NA
853	Arhgap12	NA	0.59418369072384	NA
854	Arhgap21	NA	0.947744504319507	NA
855	Arid3a	NA	0.659529608264903	NA
856	Arrdc2	NA	0.795960597800952	NA
857	Arrdc4	NA	0.704111464048484	NA
858	Asun	NA	0.699084822584913	NA
859	Atad2b	NA	0.988439691863213	NA
860	Atf7	NA	0.8173493479331	NA
861	Atm	NA	1.07961028089255	1.26491738986706
862	Atp10d	NA	1.43343107856756	NA
863	Atp11b	NA	0.651669393895341	NA
864	Atp1a1	NA	-0.802250962926661	NA
865	Atp1a3	NA	-0.99806030853189	NA
866	Atp8b2	NA	0.862501084103583	NA
867	Atr	NA	1.34085810382871	NA
868	B130006D01Rik	NA	1.32307275254213	1.16394441355884
869	B3gnt7	NA	-0.980130086434642	NA
870	B430010I23Rik	NA	1.20598488126182	0.969416763784312
871	B4galnt1	NA	-0.591077130764919	NA
872	B930059L03Rik	NA	1.99623099909125	NA
873	BC005561	NA	1.08279347564779	1.00771730431459
874	BC037032	NA	0.875428521416555	NA
875	Bag3	NA	-1.15030942758073	NA
876	Batf2	NA	-1.90490234091369	NA
877	Baz1b	NA	0.784640910382199	NA
878	Bbx	NA	0.767903161130309	NA
879	Bcas3	NA	-0.603613480585928	NA
880	Bcl3	NA	-0.793557456585018	NA
881	Bcl6b	NA	2.3103859467373	NA
882	Bclaf1	NA	1.05876339158561	NA
883	Bdp1	NA	1.28372550264326	NA
884	Bms1	NA	0.640703801099465	NA
885	Bnip2	NA	0.673588565376443	NA
886	Bod1l	NA	0.735055060817251	NA
887	Brca2	NA	1.22582666005214	NA
888	Brd2	NA	0.716593400444867	NA
889	Brms1l	NA	1.10556046295669	NA
890	Brwd1	NA	1.01369231018151	NA
891	Bsg	NA	-0.598636646087321	NA
892	Bub1	NA	2.96362543829237	7.8788394521658
893	Bysl	NA	-0.932251681687668	NA
894	C1qa	NA	-0.703203910163919	NA
895	C1qc	NA	-0.720522777806981	NA
896	C1rl	NA	-1.07531746881219	NA
897	C3	NA	-2.19912508988677	NA
898	C3ar1	NA	-0.607189961046276	NA
899	C430049B03Rik	NA	1.7173258681202	NA
900	C5ar1	NA	-0.807208235977263	NA
901	C920021L13Rik	NA	2.21057494562681	NA
902	Cacna1d	NA	1.04828212713539	NA
903	Calm3	NA	-0.824523209533606	NA
904	Calml4	NA	5.44597566484191	NA
905	Camp	NA	-9.23216234363918	NA
906	Camsap1	NA	0.728487494617069	NA
907	Cant1	NA	-0.680991219769824	NA
908	Capn1	NA	-0.9100898604549	-0.975301405334938
909	Capn7	NA	0.599667741545307	NA
910	Casp8ap2	NA	0.889653179880742	NA
911	Cbl	NA	0.959649158777957	NA
912	Cbr3	NA	-0.617767129259005	NA
913	Cbx7	NA	0.985521711567981	NA
914	Ccdc138	NA	1.97744442360703	NA
915	Ccdc17	NA	0.869475517797337	NA
916	Ccdc186	NA	0.739306150960793	NA
917	Ccdc82	NA	0.818960028342175	NA
918	Ccdc86	NA	-0.625832614370708	NA
919	Ccdc88a	NA	0.661326551909549	NA
920	Ccl8	NA	-5.02524128824745	NA
921	Ccnb1	NA	1.63697456085882	NA
922	Ccnl2	NA	0.789542879861756	NA
923	Ccser2	NA	0.69163967605944	NA
924	Cd14	NA	-0.585476646961951	NA
925	Cd151	NA	-1.88581877465451	NA
926	Cd163	NA	-5.46209669425796	NA
927	Cd22	NA	-0.996093536598096	-1.06445293552528
928	Cd27	NA	2.68458085610587	NA
929	Cd63	NA	-0.634395930640468	NA
930	Cd68	NA	-0.65564946582242	NA
931	Cd81	NA	-0.620268109585163	NA
932	Cd82	NA	-0.70294034573991	NA
933	Cd93	NA	-5.37070828015043	NA
934	Cdadc1	NA	0.644094842790129	NA
935	Cdan1	NA	0.7878550207636	NA
936	Cdc37l1	NA	0.655045253079344	NA
937	Cdc42bpa	NA	0.941052617840984	NA
938	Cdipt	NA	-0.718076613867701	NA
939	Cdk11b	NA	0.73839327018642	NA
940	Cdkn2c	NA	0.699273784308978	NA
941	Cdt1	NA	-0.861388079148505	NA
942	Celf1	NA	0.606131110951411	NA
943	Cep112	NA	1.25610174941729	NA
944	Cep128	NA	2.12988761135736	NA
945	Cep135	NA	1.32182310531934	NA
946	Cep290	NA	1.22402747462328	NA
947	Cep295	NA	1.04023348654661	NA
948	Cep70	NA	0.797299082036348	NA
949	Cep85l	NA	0.906692413885829	NA
950	Cgref1	NA	3.9667420424188	NA
951	Chad	NA	-0.999566316560726	NA
952	Chd1	NA	0.625044636156429	NA
953	Chd2	NA	1.26002136297796	NA
954	Chd3	NA	1.48452819048464	NA
955	Chek2	NA	0.866331503688323	NA
956	Chkb	NA	1.28370315706075	NA
957	Chn1	NA	-3.57223480116455	NA
958	Chtf8	NA	-0.732975220952666	NA
959	Chtop	NA	0.661879271013644	NA
960	Cirbp	NA	-0.867978200483745	NA
961	Ckap4	NA	-0.627189523406092	NA
962	Ckb	NA	-0.65071327822034	NA
963	Clasrp	NA	1.05800065009089	NA
964	Clhc1	NA	4.36853051819582	NA
965	Cln6	NA	-0.638616648574012	NA
966	Clock	NA	0.825827212578177	NA
967	Cmya5	NA	2.15476165603705	NA
968	Cnn2	NA	-0.708526837172211	NA
969	Cntrob	NA	0.905082584493939	NA
970	Cotl1	NA	-1.39612846720267	NA
971	Cpeb4	NA	0.597610806003679	NA
972	Cracr2a	NA	2.03026064811099	NA
973	Crebl2	NA	1.33994579167101	NA
974	Crebzf	NA	1.6942284821447	NA
975	Crybg3	NA	0.819645921565162	NA
976	Csmd3	NA	1.2490451655615	0.970554473346237
977	Csnk1g1	NA	0.650892231551847	NA
978	Ctse	NA	-2.13662479951983	NA
979	Ctsf	NA	-0.587377196017519	NA
980	Cxcl14	NA	-2.47429077410109	NA
981	Cxcr4	NA	-2.88203226831223	NA
982	Cxx1c	NA	-0.589775271397363	NA
983	Cyb5d1	NA	0.995763359960047	NA
984	Cyba	NA	-0.76140952267163	NA
985	Cyp39a1	NA	3.55926457365521	NA
986	D030028A08Rik	NA	0.973955288262389	NA
987	D330050I16Rik	NA	2.00212551205106	NA
988	D3Ertd751e	NA	0.958560413763324	NA
989	D5Ertd579e	NA	0.849746667704772	NA
990	D930015M05Rik	NA	4.27161493899102	NA
991	D930016D06Rik	NA	1.93689639564183	NA
992	Dancr	NA	3.20609400848227	NA
993	Dand5	NA	0.7445578142114	NA
994	Dcaf5	NA	0.636517447784536	NA
995	Dctd	NA	-0.858063502067535	NA
996	Ddi2	NA	0.971167721201477	NA
997	Ddit3	NA	0.8499418164396	NA
998	Ddx11	NA	1.3673345653913	NA
999	Ints6l	NA	1.29483904860917	NA
1000	Ddx50	NA	0.660119214377027	NA
1001	Ddx6	NA	1.05776271586023	NA
1002	Degs2	NA	2.33467674589519	NA
1003	Dennd6b	NA	1.44909862261096	NA
1004	Dgkh	NA	0.952430409298229	NA
1005	Dgkq	NA	1.19720664483744	NA
1006	Dhcr7	NA	-0.747972985342183	NA
1007	Dhx57	NA	0.720324221013686	NA
1008	Dhx9	NA	1.84819600303405	NA
1009	Dicer1	NA	0.982856944714199	NA
1010	Dip2a	NA	1.21580514225036	NA
1011	Disc1	NA	1.19732527886878	NA
1012	Dlc1	NA	1.41136513719783	NA
1013	Dleu2	NA	0.64022780028051	NA
1014	Dmrtb1	NA	1.96755880383662	NA
1015	Dmxl2	NA	1.33056121981207	NA
1016	Dna2	NA	1.73695843270603	NA
1017	Dnah17	NA	2.18638317729694	NA
1018	Dnajc19	NA	0.647247997017644	NA
1019	Dnajc7	NA	0.590452156357485	NA
1020	Dnase1	NA	3.1881973812095	NA
1021	Dock4	NA	0.678791984140715	0.67874120211006
1022	Dock9	NA	0.706683934901666	NA
1023	Dot1l	NA	0.931613857975294	NA
1024	Dpagt1	NA	-0.652197808232077	NA
1025	Dpm1	NA	0.773254401065041	NA
1026	Dpp8	NA	0.723850497676668	NA
1027	Dpysl2	NA	-0.703284452321527	NA
1028	Dusp11	NA	0.704769460735938	NA
1029	Dync2h1	NA	1.11954834762439	NA
1030	E130102H24Rik	NA	2.29216645752668	NA
1031	E330033B04Rik	NA	1.07117478283432	1.09840524765382
1032	E4f1	NA	0.750941458367397	NA
1033	Ebi3	NA	-0.700232613508411	NA
1034	Ece2	NA	-0.682385170579988	NA
1035	Eefsec	NA	-0.771388389490167	NA
1036	Egf	NA	4.72577925997125	NA
1037	Egfl8	NA	2.93075095031862	NA
1038	Eif2ak2	NA	0.984763409016551	NA
1039	Eif2ak4	NA	0.843392638700571	NA
1040	Eif6	NA	-0.590408305428876	NA
1041	Elac1	NA	0.652140024665226	NA
1042	Emc10	NA	-0.708694377827921	NA
1043	Emilin2	NA	-5.09977677946376	NA
1044	Eml5	NA	2.15348491305318	NA
1045	Eml6	NA	1.21295488813727	NA
1046	Emp3	NA	-0.723196025612011	NA
1047	Enah	NA	3.13068389569983	NA
1048	Enc1	NA	-0.896739840516664	NA
1049	Epb41l4aos	NA	1.31346891897553	NA
1050	Epm2aip1	NA	1.16434491169491	NA
1051	Eprs	NA	-0.629267746079356	NA
1052	Erbin	NA	0.764238769508158	NA
1053	Ercc5	NA	0.700963234369234	NA
1054	Erp27	NA	3.49920828267574	NA
1055	Esco1	NA	0.90389890186526	NA
1056	Zfp971	NA	2.22728884810477	NA
1057	Extl2	NA	-0.611945029200803	NA
1058	Fadd	NA	-0.60879226653539	NA
1059	Fam102b	NA	0.592433132708827	0.611489050736117
1060	Fam110a	NA	-0.649615837832354	NA
1061	Fam129c	NA	5.52964446676602	NA
1062	Fam135a	NA	1.04916981968532	NA
1063	Fam13b	NA	1.32274538981322	NA
1064	Fam171b	NA	-6.44763522277137	NA
1065	Fam196b	NA	2.06485334597657	2.03896448088496
1066	Fam222b	NA	-0.664808013520731	NA
1067	Fam83g	NA	-1.02308994245743	NA
1068	Fam98b	NA	-1.03061472787398	NA
1069	Far2	NA	2.32903820476599	NA
1070	Fastkd3	NA	0.911552831578168	NA
1071	Fbxl12	NA	1.40618538511364	NA
1072	Fbxo6	NA	-0.610567068357638	NA
1073	Fcgr4	NA	-0.683420969298833	NA
1074	Fcgrt	NA	-0.627338651824911	NA
1075	Fcrls	NA	-0.594918337408547	NA
1076	Fgd3	NA	1.06855765177273	NA
1077	Fgd4	NA	0.943199090478312	NA
1078	Fgfr1op	NA	0.717531962340116	NA
1079	Fryl	NA	0.634599150187557	NA
1080	Ftx	NA	1.81649893167705	NA
1081	Fxyd5	NA	-1.10888452320289	NA
1082	G3bp1	NA	-0.586067470027402	NA
1083	Gaa	NA	-0.684930452896157	NA
1084	Gabpb2	NA	1.34218724085828	NA
1085	Gadd45g	NA	1.36228292814795	NA
1086	Gadl1	NA	-0.94382952620763	NA
1087	Galk1	NA	-0.75515915423572	NA
1088	Gas7	NA	-3.71245029967515	NA
1089	Gba2	NA	0.757987013338513	NA
1090	Gbp5	NA	1.11399871623352	NA
1091	Gcc2	NA	0.717230983902723	NA
1092	Gcnt7	NA	0.788020362224879	1.02296601192024
1093	Gdap10	NA	1.34240429266114	NA
1094	Ggt5	NA	-0.67634513865778	NA
1095	Gigyf2	NA	0.674259992187968	NA
1096	Glb1	NA	-0.709664454601654	NA
1097	Glmp	NA	-0.697619952857693	NA
1098	Glrp1	NA	0.609321714830491	NA
1099	Gm10033	NA	0.786152214936352	0.658942844646304
1100	Gm10406	NA	2.32653466810844	NA
1101	Gm10548	NA	1.02821841459402	NA
1102	Gm10658	NA	4.29467385766475	NA
1103	Snhg15	NA	3.13779488741796	NA
1104	Gm12338	NA	1.2439388088739	NA
1105	Gm13293	NA	2.42665574950554	NA
1106	Gm14023	NA	2.19096125334353	NA
1107	Gm14325	NA	1.0504784884438	NA
1108	Zfp970	NA	1.95154992579673	NA
1109	Gm15708	NA	2.24722719246037	NA
1110	Gm16023	NA	1.51367568755584	NA
1111	Gm16576	NA	1.17657586007306	NA
1112	Gm16617	NA	0.923818572633898	NA
1113	Gm1966	NA	1.5205979565962	NA
1114	Gm20199	NA	1.80932009940241	NA
1115	Gm20257	NA	2.17669150175776	NA
1116	Gm20300	NA	0.692362765429131	NA
1117	Gm31763	NA	2.74680023924341	NA
1118	Gm3558	NA	2.46204783165603	NA
1119	Gm4432	NA	2.61604597450863	NA
1120	Zfp994	NA	0.683008353567325	NA
1121	Gm5141	NA	1.01335854955797	NA
1122	Gm5544	NA	1.73961884390483	NA
1123	Gm6654	NA	2.02714336927304	NA
1124	Golgb1	NA	1.09526503131662	NA
1125	Gpc2	NA	2.22588121162203	NA
1126	Gpkow	NA	0.608329935697608	NA
1127	Gpr84	NA	-0.809542117057247	NA
1128	Grina	NA	-0.603556414685011	NA
1129	Grwd1	NA	-0.82226891059123	NA
1130	Gsap	NA	0.693002481764909	NA
1131	Gsn	NA	-1.01703449432052	NA
1132	Gstm1	NA	-1.19590553514201	NA
1133	Gt(ROSA)26Sor	NA	1.42400651157233	NA
1134	Guf1	NA	0.735932947430992	NA
1135	Gxylt1	NA	0.622694709822082	NA
1136	Gys1	NA	-0.715242679699861	NA
1137	H2-K2	NA	2.81858924592649	NA
1138	H2-M2	NA	5.50625005103073	NA
1139	H2-Oa	NA	-0.785501624976151	NA
1140	H2-T24	NA	0.775527048486042	NA
1141	H6pd	NA	-0.622077569795339	NA
1142	Hcfc1r1	NA	-0.585385051403135	NA
1143	Hcfc2	NA	0.633913658936079	NA
1144	Hdhd3	NA	-1.19898760465562	NA
1145	Hebp1	NA	-0.950470075730229	NA
1146	Herc4	NA	0.797344823976004	NA
1147	Hes1	NA	-0.733870238305856	NA
1148	Hirip3	NA	1.74329187374423	NA
1149	Hist2h4	NA	3.09437482013096	NA
1150	Hivep1	NA	1.40283085991417	NA
1151	Hnrnpa1	NA	1.1518743489442	NA
1152	Hnrnpa2b1	NA	0.687344636762159	NA
1153	Hnrnpdl	NA	0.915498017984725	NA
1154	Hnrnph3	NA	0.953993577715981	NA
1155	Homer3	NA	0.721719217272686	NA
1156	Hook3	NA	0.712987558075297	NA
1157	Hsf2	NA	1.16889975383431	NA
1158	Hspa1a	NA	4.69920161407733	NA
1159	Hspa1b	NA	3.70984963145109	4.95386418343957
1160	Iba57	NA	-0.610223595589946	-0.717525631170425
1161	Ibtk	NA	1.04009558113355	NA
1162	Il15	NA	0.596440056444292	NA
1163	Il2rg	NA	-0.656659996819835	-1.00304176623029
1164	Ino80dos	NA	0.924426689454226	NA
1165	Inpp5e	NA	0.763379697484265	NA
1166	Insr	NA	0.72154515219939	0.83552578138614
1167	Ints2	NA	0.820957514094209	NA
1168	Ip6k1	NA	0.601642533962577	NA
1169	Itgae	NA	1.63677252777059	NA
1170	Itgax	NA	-0.977843729961818	-1.34899554874918
1171	Itgb2l	NA	-6.36808342244572	NA
1172	Itm2c	NA	-0.654487997313576	NA
1173	Itpripl1	NA	-0.746602752389864	NA
1174	Itsn2	NA	0.805957975033426	NA
1175	Jak2	NA	0.658554940666466	NA
1176	Jmy	NA	0.74989718385263	NA
1177	Kansl1l	NA	0.757919071841613	NA
1178	Kansl3	NA	0.686252902189284	NA
1179	Kat6a	NA	1.1552903706335	NA
1180	Kbtbd3	NA	1.01583568308318	NA
1181	Kbtbd6	NA	-3.76314476622751	NA
1182	Kcnd3	NA	4.18565094149967	NA
1183	Kcnq1ot1	NA	1.42638143417896	1.0350651455396
1184	Kcnrg	NA	2.97353428908216	NA
1185	Kctd3	NA	1.08453024461325	NA
1186	Khnyn	NA	0.680560850574792	NA
1187	Kif13a	NA	1.03450940406556	NA
1188	Kif20a	NA	1.86802901748134	NA
1189	Kif3b	NA	0.762453537200798	NA
1190	Kif5b	NA	0.850594955561877	NA
1191	Kiz	NA	0.912288563498773	NA
1192	Krit1	NA	0.642171549703306	NA
1193	Krt10	NA	0.94646822355375	NA
1194	LOC100504703	NA	1.35293869614761	NA
1195	Laptm5	NA	-0.650990525977683	NA
1196	Lars2	NA	-1.82995758790055	NA
1197	Lcat	NA	4.02126386392338	NA
1198	Lclat1	NA	-0.59039733529325	NA
1199	Lgals4	NA	3.72281715739953	NA
1200	Lilra5	NA	-0.659005183356256	NA
1201	Lman1	NA	-0.590506941225162	NA
1202	Lmna	NA	-0.995601327438015	NA
1203	Plppr3	NA	3.48073770322912	NA
1204	Lrfn3	NA	-1.24551663557146	NA
1205	Lrrc25	NA	-0.934565578232468	NA
1206	Lrrc51	NA	0.835577598673931	NA
1207	Lrrc9	NA	1.73013741280703	NA
1208	Lrrcc1	NA	0.815780264643304	NA
1209	Lst1	NA	-0.714275600676503	NA
1210	Luc7l	NA	0.92537435943188	NA
1211	Luc7l2	NA	0.918259055327296	NA
1212	Luc7l3	NA	0.799445042832443	0.805155197603707
1213	Ly6c2	NA	-6.42883718535413	7.87380640706641
1214	Ly6g6d	NA	1.49963956241186	NA
1215	Lyst	NA	1.85078985580053	NA
1216	Magef1	NA	0.875631658164951	NA
1217	Malat1	NA	0.842543565402547	1.03416813901782
1218	Malt1	NA	0.665352492948976	NA
1219	Map1lc3a	NA	-0.630115958830408	NA
1220	Map3k10	NA	0.778060550791857	NA
1221	Map3k12	NA	0.682839937383058	NA
1222	Map3k7	NA	0.744032200566852	NA
1223	Map3k8	NA	1.04752811007845	NA
1224	Map4	NA	0.604310036912367	NA
1225	Mapk8	NA	1.25525828518109	NA
1226	Mapkbp1	NA	1.76074529834946	NA
1227	Marcksl1	NA	-0.734356605605733	NA
1228	Mbd5	NA	0.831090108052021	NA
1229	Mboat1	NA	0.69719862370495	NA
1230	Mboat7	NA	-0.725473887303912	NA
1231	Mbtd1	NA	1.26852764814258	NA
1232	Mcm3ap	NA	0.739079126903933	NA
1233	Mcm4	NA	-0.623964068361057	NA
1234	Mdc1	NA	0.771891657413817	NA
1235	Mdm1	NA	1.00914814918552	NA
1236	Med13	NA	0.735128634244778	NA
1237	Metrnl	NA	-0.731234826236851	NA
1238	Mfge8	NA	-0.689576043950901	NA
1239	Mfsd1	NA	-0.585796411007747	NA
1240	Mfsd3	NA	-0.604168277671362	NA
1241	Mfsd5	NA	-0.734791146282125	NA
1242	Mgat5	NA	0.721372239707838	NA
1243	Mgst3	NA	-0.606818387658594	NA
1244	Mical3	NA	0.68624651939995	NA
1245	Micall1	NA	0.915922138259921	NA
1246	Mif	NA	-0.674437778293818	NA
1247	Mir3064	NA	1.48353807374691	NA
1248	Mir6516	NA	1.61592410845754	NA
1249	Mir6992	NA	2.22929784881018	NA
1250	Mir7036b	NA	2.12608342153653	NA
1251	Mir7115	NA	4.20004951108471	NA
1252	Mir99ahg	NA	1.34648982207076	1.26324241042975
1253	Mlc1	NA	-5.06219389127781	NA
1254	Mllt10	NA	0.753483018343827	NA
1255	Mmp2	NA	-0.64498907100203	NA
1256	Mocs2	NA	0.597768421276764	NA
1257	Mpeg1	NA	-0.800088542104639	NA
1258	Mphosph9	NA	0.906184909386681	NA
1259	Mrc1	NA	-1.13314414875609	NA
1260	Msi2	NA	0.997331213034522	NA
1261	Mt1	NA	-0.889685190309192	-0.757373717587172
1262	Mt2	NA	-1.61647273953631	NA
1263	Mtfp1	NA	-0.983193216173716	NA
1264	Mthfd2	NA	-0.909343156159037	NA
1265	Mthfsd	NA	0.717860429939676	NA
1266	Mttp	NA	-0.808028981507989	NA
1267	Mul1	NA	-0.593874903074557	NA
1268	Mx1	NA	3.26890415608585	NA
1269	Myo18b	NA	1.1570410333204	NA
1270	Myo5a	NA	0.909520730433759	NA
1271	Myo9a	NA	1.0227326675149	NA
1272	Naglu	NA	-0.629399521358056	NA
1273	Naip5	NA	0.651720494372864	NA
1274	Naip6	NA	1.09521442560421	NA
1275	Nav3	NA	1.11475987031025	0.962566889497924
1276	Nbea	NA	0.95483088524598	NA
1277	Ncapd3	NA	0.795908705167801	NA
1278	Nccrp1	NA	-1.97118342157146	NA
1279	Ndor1	NA	0.662817617218912	NA
1280	Ndrg2	NA	-0.787899125247177	NA
1281	Nemf	NA	0.71905788863365	NA
1282	Ngef	NA	-6.68703585740632	NA
1283	Ngp	NA	-11.2828227264175	NA
1284	Nhlrc1	NA	-0.678771113944563	NA
1285	Nhlrc3	NA	-0.685947596634635	-0.597010857535234
1286	Nipbl	NA	0.725553151948951	NA
1287	Nlrp1c-ps	NA	2.07265562157816	NA
1288	Npc1	NA	-0.680970310287394	NA
1289	Npff	NA	3.07699150687999	NA
1290	Nptx1	NA	-32.0928240112526	NA
1291	Nr2c2	NA	0.710838456339852	NA
1292	Nrg4	NA	3.53529784589744	NA
1293	Nron	NA	2.0154257311701	NA
1294	Nsdhl	NA	-0.665035618552351	NA
1295	Ntn3	NA	2.15392177784159	NA
1296	Nudt1	NA	-0.729007356241654	NA
1297	Nufip2	NA	0.976215713011866	NA
1298	Nxpe3	NA	-0.854413989940698	NA
1299	Oas1b	NA	2.44462954550823	NA
1300	Ocel1	NA	0.704597189242952	NA
1301	Ogt	NA	1.1069088475317	NA
1302	Olfml3	NA	-0.601455857216947	NA
1303	Orai1	NA	-0.709429256448121	NA
1304	Os9	NA	-0.61580130108246	NA
1305	Paip2b	NA	0.937607133664526	NA
1306	Pank4	NA	1.44757003093272	NA
1307	Panx1	NA	-0.637291228345874	NA
1308	Pard3b	NA	1.06906017153656	1.26936131821587
1309	Parp6	NA	1.25074963268152	NA
1310	Pars2	NA	-0.71013098760529	NA
1311	Pcdhga9	NA	5.14275627242944	NA
1312	Pcdhgb2	NA	-0.616277812500858	NA
1313	Pcm1	NA	0.764344573911645	NA
1314	Pcmtd1	NA	0.787964054642236	NA
1315	Pcnx2	NA	3.40294683134886	NA
1316	Pde2a	NA	-0.710973927698734	NA
1317	Pde7a	NA	1.31949574889765	NA
1318	Pdia5	NA	0.776036739447439	NA
1319	Pdlim2	NA	-0.669621713019379	NA
1320	Pdpr	NA	0.788198677391048	NA
1321	Pelo	NA	-0.779368418299979	NA
1322	Pfn1	NA	-0.700836422220233	NA
1323	Pgap3	NA	-0.774565828443966	NA
1324	Pglyrp1	NA	-6.90636606420811	NA
1325	Phf3	NA	0.770117274270533	NA
1326	Phip	NA	0.907911296651991	NA
1327	Phka1	NA	0.932005147025502	NA
1328	Phtf1	NA	0.617326283666701	NA
1329	Pidd1	NA	1.96810941789429	NA
1330	Pigs	NA	-0.694064544487742	NA
1331	Pigt	NA	-0.755898677023865	NA
1332	Pigz	NA	-0.731843299863933	NA
1333	Pikfyve	NA	0.730583462378315	NA
1334	Pkd2l2	NA	1.11870319828968	NA
1335	Pla2g7	NA	-1.76873149215744	NA
1336	Plbd2	NA	-0.695877907854142	NA
1337	Plcxd2	NA	1.62552479175317	NA
1338	Pld3	NA	-0.641015666099017	-0.697211627388607
1339	Pld4	NA	-0.608163123996142	NA
1340	Plekhm3	NA	0.764469046779046	NA
1341	Pnpt1	NA	0.742894277645298	NA
1342	Pola1	NA	1.61393783017986	NA
1343	Pold2	NA	-0.743291096439009	NA
1344	Polq	NA	4.39068165279806	NA
1345	Polr3h	NA	-0.665940430343716	NA
1346	Por	NA	-0.657164080871804	NA
1347	Porcn	NA	-0.708001523978755	NA
1348	Pot1b	NA	1.32014970340631	1.090130223013
1349	Plpp3	NA	-0.812010912037345	NA
1350	Plpp7	NA	-0.723812067039432	NA
1351	Ppcdc	NA	0.748272044826133	NA
1352	Ppfia1	NA	0.602726781632226	NA
1353	Ppip5k1	NA	0.798221172330457	NA
1354	Ppox	NA	0.724119287784291	NA
1355	Ppp1r12b	NA	1.79604594923638	NA
1356	Ppp2r3a	NA	0.987135566376163	NA
1357	Ppt2	NA	-0.619974526980104	NA
1358	Pqlc1	NA	-0.585289135993454	NA
1359	Prcc	NA	-0.659912740108952	NA
1360	Prdm11	NA	1.7605889289799	NA
1361	Prdx5	NA	-0.659283763104592	NA
1362	Primpol	NA	1.06703981719997	NA
1363	Prkdc	NA	1.22827475755369	1.41745616565163
1364	Prlr	NA	7.36248626252382	NA
1365	Prom1	NA	-5.81400107000661	NA
1366	Prpf38b	NA	0.842454021879663	NA
1367	Prpf39	NA	1.25059830153454	NA
1368	Prr14l	NA	0.727994455544499	NA
1369	Psen2	NA	-0.734091721722125	NA
1370	Psenen	NA	-0.631548908999851	NA
1371	Ptges2	NA	-0.850521831249942	NA
1372	Ptms	NA	-0.755042277555176	NA
1373	Pus7l	NA	-0.772814949777474	NA
1374	Ifi213	NA	2.72073718336942	NA
1375	Pyhin1	NA	0.873037078083061	NA
1376	Qser1	NA	0.983090927742182	NA
1377	Rab11fip3	NA	0.899516507685864	NA
1378	Rab37	NA	-5.16647179218376	NA
1379	Rab3d	NA	-0.877458017889723	NA
1380	Rad51b	NA	1.06304671497989	NA
1381	Ralgapa1	NA	0.7931146897899	NA
1382	Ralgapa2	NA	1.01692561202021	NA
1383	Ranbp2	NA	1.08712580128668	NA
1384	Rapgef5	NA	0.812057883586467	NA
1385	Rasal2	NA	0.709972145644229	NA
1386	Rasgrf2	NA	-0.853862769588593	NA
1387	Rasgrp4	NA	1.13614501970497	NA
1388	Rbm25	NA	0.799960919785814	NA
1389	Rbm38	NA	-0.818863377902695	NA
1390	Rbm5	NA	0.919591619445873	NA
1391	Rbm6	NA	0.781398430094393	NA
1392	Rc3h1	NA	0.894122243248162	NA
1393	Rc3h2	NA	0.714225901289719	NA
1394	Rcan2	NA	-6.55635710791392	NA
1395	Rccd1	NA	1.71657948942858	NA
1396	Rdh5	NA	1.81749036188862	NA
1397	Reps2	NA	-5.78198855008437	NA
1398	Rev3l	NA	1.82321728666146	NA
1399	Rftn1	NA	-0.729118650840091	NA
1400	Rfwd2	NA	0.63014822044857	NA
1401	Rfx3	NA	0.765217093751086	NA
1402	Rhoc	NA	-0.64053475984505	NA
1403	Rhox5	NA	5.76083826321485	NA
1404	Ric8b	NA	0.672822572138243	NA
1405	Rif1	NA	0.6278047026694	NA
1406	Rin3	NA	-0.667582348115645	NA
1407	Rnasel	NA	0.779644409296302	NA
1408	Rnf25	NA	0.605318385484968	NA
1409	Rock1	NA	0.703337966514309	NA
1410	Rock2	NA	0.651290099330226	NA
1411	Rpgrip1	NA	2.05177807281554	NA
1412	Rpl12	NA	1.64272019449167	NA
1413	Rps17	NA	1.79914902315577	NA
1414	Rps27	NA	1.75141220162406	NA
1415	Rps6kb1	NA	0.736845090799581	NA
1416	Rpusd2	NA	-1.16281427940291	NA
1417	Rrm2b	NA	-0.615589346191023	NA
1418	Rtn1	NA	-0.596370005904631	NA
1419	Rttn	NA	0.815537744339502	NA
1420	Rufy3	NA	0.887993094972494	NA
1421	S100a11	NA	-1.62368014486748	NA
1422	S100a8	NA	-11.4474742139284	NA
1423	Sass6	NA	0.934959792845935	NA
1424	Satb1	NA	0.82440868653584	NA
1425	Sbno1	NA	0.825857042550115	NA
1426	Scamp2	NA	-0.592944629605996	NA
1427	Scamp4	NA	-0.623651430322765	NA
1428	Scaper	NA	0.9912856206822	NA
1429	Sclt1	NA	0.91478199462781	NA
1430	Sde2	NA	-0.725603837872418	NA
1431	Sdhc	NA	-0.592616864097282	NA
1432	Sec61a2	NA	0.928673830600605	0.817040685600156
1433	Selm	NA	-0.955272982043791	NA
1434	Sema4a	NA	-0.770784366101923	NA
1435	Senp2	NA	0.854936726676004	NA
1436	Sept9	NA	-1.36101996134511	NA
1437	Serpinb6b	NA	5.95449894882941	NA
1438	Serpinc1	NA	1.77241972857376	NA
1439	Setd2	NA	1.10893671110904	NA
1440	Setx	NA	1.40344231367979	NA
1441	Sf3a2	NA	-0.851218513551671	NA
1442	Sfi1	NA	1.0922958016987	NA
1443	Sfswap	NA	0.740393681211734	NA
1444	Sgsh	NA	-0.693052371106672	NA
1445	Shisa5	NA	-0.725507185341317	NA
1446	Siglece	NA	-0.725660754509722	NA
1447	Sil1	NA	-0.58816046448099	NA
1448	Sipa1l3	NA	0.783948789564105	NA
1449	Slc16a10	NA	-0.725946691973551	NA
1450	Slc16a13	NA	-0.656985088399781	NA
1451	Slc1a4	NA	-1.16575732029555	NA
1452	Slc20a1	NA	1.19554494301763	NA
1453	Slc25a27	NA	2.22898992722861	4.07598616103689
1454	Slc2a12	NA	6.13869318467486	NA
1455	Slc2a4rg-ps	NA	2.24732039744935	NA
1456	Slc2a5	NA	-0.746417568754536	NA
1457	Slc30a1	NA	-0.690366369068686	NA
1458	Slc35e2	NA	0.866178294043938	NA
1459	Slc38a7	NA	-0.710173737951196	NA
1460	Slc39a4	NA	-0.805238653887935	NA
1461	Slc3a2	NA	-0.743660791109844	NA
1462	Slc52a2	NA	-0.622446531113138	NA
1463	Slc5a3	NA	0.965277806966697	1.89471488794556
1464	Slc7a1	NA	-1.49204404101798	NA
1465	Slc7a5	NA	-0.846836521631464	NA
1466	Slfn5	NA	1.44534898923744	-1.64564048045734
1467	Slk	NA	0.590281023345638	NA
1468	Smarca2	NA	0.641790881074104	NA
1469	Smarcc1	NA	0.600298882758972	NA
1470	Smc4	NA	1.08647100898382	NA
1471	Smim22	NA	2.92427825994007	NA
1472	Smpd1	NA	-0.587668814190287	NA
1473	Snapc3	NA	0.657422598815764	NA
1474	Snhg12	NA	1.88221293731069	NA
1475	Snhg3	NA	0.840565943844712	NA
1476	Snhg6	NA	1.32023907345853	NA
1477	Snora28	NA	1.91307143052416	NA
1478	Snora64	NA	2.47791943366987	NA
1479	Snora65	NA	2.81438482460563	NA
1480	Snora81	NA	4.15945972077192	NA
1481	Snord17	NA	2.41074553294777	NA
1482	Snord72	NA	2.7229165895841	NA
1483	Snord96a	NA	3.14547076803509	NA
1484	Snrnp48	NA	0.655176893457991	NA
1485	Snrnp70	NA	0.735252698883239	NA
1486	Snx30	NA	0.633151721036093	NA
1487	Socs7	NA	0.841903326999076	NA
1488	Spata1	NA	0.929261261351598	NA
1489	Spata21	NA	3.91669050015712	NA
1490	Spi1	NA	-0.601176130093741	NA
1491	Spire1	NA	0.715761828898485	NA
1492	Spns3	NA	-0.692242627996534	NA
1493	Spopl	NA	0.876216559810755	NA
1494	Srebf2	NA	-0.752248173269896	NA
1495	Srek1	NA	0.775572251993172	0.657191691258358
1496	Srm	NA	-0.616942405159913	NA
1497	Srsf7	NA	0.758329321429561	NA
1498	Ssr2	NA	-0.592579722042771	NA
1499	St8sia1	NA	1.34585822443547	NA
1500	Stat2	NA	0.642055989389192	NA
1501	Strbp	NA	1.03908146698076	NA
1502	Stx16	NA	1.09336074540954	NA
1503	Stx4a	NA	1.17473009319019	NA
1504	Stxbp4	NA	1.23849562858832	NA
1505	Supt16	NA	0.676830533391021	NA
1506	Supt20	NA	0.647541075452295	NA
1507	Sycp2	NA	3.7335284566485	NA
1508	Synj2bp	NA	0.734899710998366	NA
1509	Syp	NA	-1.03622517040053	-1.22989125572091
1510	Szrd1	NA	0.836724435005768	NA
1511	Taf1	NA	0.931704270271782	NA
1512	Taf15	NA	1.43036192322827	NA
1513	Taf1d	NA	1.47795934610324	NA
1514	Taf4	NA	0.68772951254031	NA
1515	Taok2	NA	0.876212567271259	NA
1516	Tapbp	NA	-0.591841949511273	NA
1517	Tardbp	NA	0.929090624226475	NA
1518	Tas1r3	NA	2.01442604376194	NA
1519	Tatdn2	NA	1.61079141065266	NA
1520	Tbc1d31	NA	0.972640798381786	NA
1521	Tbrg3	NA	1.8344244037343	1.98203474176452
1522	Tcaim	NA	0.804828024472109	NA
1523	Tceb2	NA	-0.623843142197463	NA
1524	Tcf20	NA	1.07762468910831	NA
1525	Tchp	NA	0.913589843004423	NA
1526	Tcn2	NA	-0.593315888895157	NA
1527	Tcp11	NA	3.94285610741015	NA
1528	Tctn1	NA	-0.743652920707854	NA
1529	Tead2	NA	1.58114755720017	NA
1530	Tecpr2	NA	1.06443861573779	NA
1531	Tet1	NA	1.06814004964744	NA
1532	Tex14	NA	4.3029192429107	5.99296548428824
1533	Tex264	NA	-0.608041434216925	NA
1534	Thoc1	NA	0.608633806592434	NA
1535	Thoc2	NA	0.730891312443765	NA
1536	Tia1	NA	0.969742477078017	NA
1537	Tkt	NA	-0.589051272460627	NA
1538	Tlcd2	NA	-0.978578777599163	NA
1539	Tlr11	NA	-3.5989089543623	NA
1540	Tmbim1	NA	-0.604820426441656	NA
1541	Tmbim6	NA	-0.80522547231042	NA
1542	Tmem104	NA	-0.649990572192502	NA
1543	Tmem109	NA	-0.675053109974678	NA
1544	Tmem115	NA	-0.630065670751667	NA
1545	Tmem176a	NA	-1.16350999096627	NA
1546	Tmem176b	NA	-0.790087929088689	NA
1547	Tmem181b-ps	NA	3.16721694825626	NA
1548	Tmem183a	NA	0.685379942865439	NA
1549	Tmem205	NA	-0.655945439208501	NA
1550	Tmem220	NA	-0.917706338395916	NA
1551	Tmem221	NA	-0.801779926755979	NA
1552	Tmem245	NA	0.9517162872315	NA
1553	Tmem37	NA	-0.632783074334929	NA
1554	Tmem86b	NA	2.53345973161564	NA
1555	Tmem87a	NA	0.645356549582944	NA
1556	Tmem8c	NA	-0.855421197617535	NA
1557	Tmem97	NA	-0.604218413026272	NA
1558	Tmsb10	NA	-0.698305046415839	NA
1559	Tomt	NA	1.15348650815353	NA
1560	Tpcn2	NA	0.775595296621837	NA
1561	Tra2a	NA	0.982007141624336	NA
1562	Traf3ip1	NA	1.22646334901842	NA
1563	Trak2	NA	1.56119807992633	NA
1564	Trem3	NA	-5.87260669736243	NA
1565	Trim33	NA	0.617147924903417	NA
1566	Trim56	NA	0.741060911318773	NA
1567	Trp53bp1	NA	0.670120516173273	NA
1568	Trp53i13	NA	-0.649070163000823	NA
1569	Tsc1	NA	0.682522258269964	NA
1570	Tspan8	NA	-1.23426807609164	NA
1571	Tspo	NA	-0.610994768994647	NA
1572	Tspyl2	NA	0.777226098741109	NA
1573	Ttc14	NA	1.05171034897908	NA
1574	Tubb6	NA	-0.588015756410967	NA
1575	Tubgcp3	NA	0.631988466856337	NA
1576	Tulp4	NA	1.2107286554094	NA
1577	Tyw5	NA	1.08221381930904	NA
1578	Ubald1	NA	-0.744829517882973	NA
1579	Ubn1	NA	0.637689920167768	NA
1580	Ubqln2	NA	-0.649822596201061	NA
1581	Ubr1	NA	0.72910514749645	NA
1582	Ubxn2a	NA	0.77681045649625	NA
1583	Uchl4	NA	1.13509141203199	1.25784366948238
1584	Uhrf1bp1l	NA	0.816032637011834	NA
1585	Ulk3	NA	0.803239901038009	NA
1586	Unc93b1	NA	-0.660856976923287	NA
1587	Upf3b	NA	0.863417491841025	NA
1588	Upk1b	NA	-0.602758955932996	NA
1589	Usp34	NA	1.55372801909155	NA
1590	Usp35	NA	0.79994455922498	NA
1591	Usp40	NA	0.971261326634898	NA
1592	Usp50	NA	3.95988277748859	NA
1593	Utrn	NA	1.5094700800925	NA
1594	Uvssa	NA	1.3010246150666	NA
1595	Vamp1	NA	2.50316354688386	NA
1596	Vil1	NA	4.70985897623582	NA
1597	Vmac	NA	-0.646916564578217	NA
1598	Vps13b	NA	1.18669940637502	0.828848503334985
1599	Vps13c	NA	1.01918424803387	NA
1600	Vps13d	NA	1.24897852682876	NA
1601	Wapl	NA	0.608656609202088	NA
1602	Wbp2	NA	-0.590437234162846	NA
1603	Whrn	NA	0.80373137461414	NA
1604	Wnk4	NA	1.04985833245386	NA
1605	Xkr8	NA	-0.643850399183261	NA
1606	Xpnpep3	NA	1.32006563746221	NA
1607	Xpr1	NA	1.06695607587811	NA
1608	Yif1a	NA	-0.595764002079593	NA
1609	Yif1b	NA	-0.61818426851325	NA
1610	Yipf3	NA	-0.609794125811438	NA
1611	Ylpm1	NA	0.847541831131866	NA
1612	Yod1	NA	1.10565631687163	NA
1613	Ypel1	NA	1.22351941989724	NA
1614	Zbp1	NA	1.16342188032008	NA
1615	Zbtb37	NA	0.882839629504775	NA
1616	Zbtb38	NA	0.798200981740984	NA
1617	Zcchc6	NA	0.750770319694954	NA
1618	Zeb1	NA	0.982593212091865	NA
1619	Zfp106	NA	0.775236461204998	NA
1620	Zfp108	NA	1.06412243788698	NA
1621	Zfp146	NA	1.0124537624494	NA
1622	Zfp160	NA	0.647745066592309	NA
1623	Zfp182	NA	1.31825732340206	NA
1624	Zfp292	NA	0.86125695618197	NA
1625	Zfp318	NA	1.18186512132445	NA
1626	Zfp322a	NA	0.695791386424157	NA
1627	Zfp326	NA	0.777193555358764	NA
1628	Zfp329	NA	0.956050035663775	NA
1629	Zfp335	NA	0.882108421816727	NA
1630	Zfp36l1	NA	-0.76038217660204	NA
1631	Zfp420	NA	0.702053946971296	NA
1632	Zfp52	NA	0.683740091452131	NA
1633	Zfp62	NA	0.777070180085664	NA
1634	Zfp638	NA	0.990590428445299	NA
1635	Zfp664	NA	0.78133569012986	NA
1636	Zfp691	NA	1.13796175778424	NA
1637	Zfp703	NA	-0.65043779246428	NA
1638	Zfp729a	NA	0.971069472684908	NA
1639	Zfp738	NA	0.805657289596681	NA
1640	Zfp760	NA	1.04264451349662	NA
1641	Zfp770	NA	0.619992074618966	NA
1642	Zfp799	NA	0.603673853132603	NA
1643	Zfp871	NA	0.717181505666536	NA
1644	Zfp91	NA	0.613764428646234	NA
1645	Zfp930	NA	0.801951187382641	NA
1646	Zfp932	NA	1.21459881585474	NA
1647	Zfp935	NA	0.947277738315849	NA
1648	Zfp939	NA	1.05060894014423	NA
1649	Zfp945	NA	1.11832848568781	NA
1650	Zfp946	NA	0.845182958908234	NA
1651	Zfp949	NA	0.832267097641311	NA
1652	Zfp950	NA	1.7673286022448	NA
1653	Zfyve16	NA	0.781230617619754	NA
1654	Zfyve26	NA	0.631337123914726	NA
1655	Zkscan7	NA	0.971986070236282	NA
1656	Zmym5	NA	0.58545957859753	NA
1657	Znf41-ps	NA	1.27360592621183	NA
1658	Zrsr2	NA	0.627482597600027	NA
1659	Zswim7	NA	-0.849821405325715	NA
1660	Zufsp	NA	1.08204245830379	NA
1661	2510009E07Rik	NA	NA	0.655589093032552
1662	2700049A03Rik	NA	NA	1.07961903824143
1663	3830403N18Rik	NA	NA	1.68921565058529
1664	A630033H20Rik	NA	NA	1.03851486329896
1665	AU041133	NA	NA	1.10711558815221
1666	Abi2	NA	NA	0.72140134172215
1667	Adap1	NA	NA	-0.672394550025095
1668	Anapc1	NA	NA	0.669890104653603
1669	Ankrd44	NA	NA	0.664150495166294
1670	Aph1c	NA	NA	-0.87012337785721
1671	Apoe	NA	NA	-2.1737043154756
1672	Arhgap5	NA	NA	0.702005870343692
1673	Arl5c	NA	NA	-0.742774643445778
1674	Ascc3	NA	NA	0.71457885818973
1675	Asf1b	NA	NA	0.803447797111307
1676	B3galt2	NA	NA	5.19376971184634
1677	B3gnt3	NA	NA	5.98523446300238
1678	Baiap2	NA	NA	-1.36207794453074
1679	Baz1a	NA	NA	0.865759994447831
1680	Bbc3	NA	NA	-0.919605927305372
1681	Bbs1	NA	NA	1.62966549985507
1682	Btbd11	NA	NA	6.05647497764785
1683	Car2	NA	NA	6.55881599234382
1684	Ccl4	NA	NA	-0.948132010233054
1685	Ccnt1	NA	NA	0.71393177195266
1686	Ccr9	NA	NA	5.52413263648209
1687	Cd24a	NA	NA	6.59468162034561
1688	Cd300lb	NA	NA	-1.81479807355149
1689	Cdk5rap1	NA	NA	-1.03254453100219
1690	Chil1	NA	NA	1.98139311939049
1691	Clic4	NA	NA	-1.08595168899321
1692	Cnot3	NA	NA	-0.633655428546494
1693	Crcp	NA	NA	-0.643461957748664
1694	Csf1	NA	NA	-1.3507683883907
1695	Cst7	NA	NA	-1.0264313898762
1696	Cxcr6	NA	NA	5.57690238798537
1697	Cyb5r3	NA	NA	-0.58783585152082
1698	Dcun1d5	NA	NA	0.619652546357175
1699	Dek	NA	NA	0.611363950182051
1700	Dennd1b	NA	NA	0.829066747176704
1701	Dennd2c	NA	NA	0.732534354262316
1702	Dennd4c	NA	NA	1.29513403965691
1703	Dhx58	NA	NA	-1.15358222394722
1704	Dip2b	NA	NA	0.813571262309678
1705	Dnase2a	NA	NA	-0.598791733360075
1706	Dpp7	NA	NA	-0.637403771126275
1707	Dr1	NA	NA	0.659437835878587
1708	Dynll1	NA	NA	0.702895162019161
1709	E030024N20Rik	NA	NA	3.54300890776927
1710	E230029C05Rik	NA	NA	0.796101347562195
1711	Edem1	NA	NA	0.733155041362121
1712	Elane	NA	NA	22.5398617807203
1713	Elk4	NA	NA	0.973283399730183
1714	Epb41l3	NA	NA	-1.01940898311146
1715	Eva1a	NA	NA	-0.597750320405929
1716	Fabp5	NA	NA	-1.84978895091102
1717	Fam126b	NA	NA	0.934075678286693
1718	Fam196a	NA	NA	1.6691424216966
1719	Fam20c	NA	NA	-1.23735038972023
1720	Fam210a	NA	NA	0.615936334666151
1721	Fat3	NA	NA	1.39800671609062
1722	Fblim1	NA	NA	-0.680455111773533
1723	Fggy	NA	NA	0.884050119683813
1724	Fkbp1b	NA	NA	1.55366889312351
1725	Focad	NA	NA	0.911100576021819
1726	Gapt	NA	NA	5.34557408445185
1727	Gm19522	NA	NA	2.91731352770283
1728	Gpatch1	NA	NA	-0.911364680267522
1729	Gpr162	NA	NA	-1.5380160504742
1730	Gtf2ird1	NA	NA	-0.755087230052748
1731	H2-D1	NA	NA	-1.02335678606407
1732	H2-K1	NA	NA	-0.79115639460613
1733	H2-Q4	NA	NA	-1.29959647543294
1734	Hdc	NA	NA	7.29129304616465
1735	Helz	NA	NA	0.691573297751711
1736	Icosl	NA	NA	-0.70531033558607
1737	Ier3	NA	NA	-0.981040775728601
1738	Ifi30	NA	NA	-0.58687017504823
1739	Ifit3	NA	NA	-1.40998307954745
1740	Isg15	NA	NA	-0.922534740672422
1741	Itga5	NA	NA	-0.745310202341462
1742	Itpr1	NA	NA	1.88171640126891
1743	Jazf1	NA	NA	2.10297058615257
1744	Klra2	NA	NA	6.29561954671691
1745	Kras	NA	NA	0.629475478171016
1746	Lbp	NA	NA	6.95474149216791
1747	Lgals3	NA	NA	-1.40437187931712
1748	Lgals3bp	NA	NA	-1.00951291452999
1749	Lpl	NA	NA	-1.51660116241186
1750	Lpp	NA	NA	1.36444695691074
1751	Lrba	NA	NA	0.627576104379728
1752	Lrp11	NA	NA	-1.5268733623095
1753	Ly6a	NA	NA	-1.09048065374803
1754	Ly6k	NA	NA	-2.20591072073051
1755	Ly9	NA	NA	-0.866044015818162
1756	Lyz2	NA	NA	-1.21163545313151
1757	March6	NA	NA	0.634248911444513
1758	Mpo	NA	NA	21.9266215285069
1759	Mtcp1	NA	NA	2.15201685927326
1760	Napsa	NA	NA	6.70363264242063
1761	Nbas	NA	NA	0.841529286221341
1762	Ncam1	NA	NA	6.78759305856596
1763	Ndufaf6	NA	NA	0.976123641811622
1764	Nhlrc2	NA	NA	0.654324168155685
1765	Nr3c2	NA	NA	0.814259311315355
1766	Nupr1	NA	NA	-0.958987347155471
1767	Phospho2	NA	NA	0.658834483330483
1768	Plaur	NA	NA	-0.968069646545645
1769	Pln	NA	NA	1.71687172770069
1770	Postn	NA	NA	-1.02039554316671
1771	Ppp1cb	NA	NA	0.660703230151763
1772	Psap	NA	NA	-0.819013506194195
1773	Pten	NA	NA	0.596242876546713
1774	Ptpn4	NA	NA	1.45809802616322
1775	Nectin2	NA	NA	-0.668219551043526
1776	Ralgapb	NA	NA	0.876463527217448
1777	Rap2c	NA	NA	0.640901886744538
1778	Rgs4	NA	NA	6.52315556500399
1779	Satb2	NA	NA	5.75534533915435
1780	Sdk1	NA	NA	-1.02508005747981
1781	Sgk3	NA	NA	0.629543996547775
1782	Sgpp2	NA	NA	6.03556281003967
1783	Sh2d5	NA	NA	6.4227392915222
1784	Slc12a6	NA	NA	0.605595180977655
1785	Slc43a3	NA	NA	1.27391541831335
1786	Slfn8	NA	NA	-0.666011248798585
1787	Snx8	NA	NA	-0.655976186140664
1788	Son	NA	NA	0.588311176302376
1789	Tap1	NA	NA	-0.714324010528969
1790	Tmigd3	NA	NA	1.24040089231918
1791	Trf	NA	NA	-0.689113353882591
1792	Triobp	NA	NA	-0.685417005185952
1793	Trove2	NA	NA	0.696743473266145
1794	Uba6	NA	NA	0.891855240703446
1795	Ube3a	NA	NA	0.61219286474268
1796	Unc79	NA	NA	3.85653592250158
1797	Usp49	NA	NA	1.85143376094961
1798	Usp9x	NA	NA	0.966189373684692
1799	Vcam1	NA	NA	-0.938405669281066
1800	Wrn	NA	NA	0.838823963465646
1801	Xaf1	NA	NA	-0.650024801677459
1802	Xiap	NA	NA	0.856539555345825
1803	Ythdc2	NA	NA	1.76965434072103
1804	Zfp689	NA	NA	-0.750640430733405
1805	Zswim6	NA	NA	0.784388093259883
1806	Hikeshi	NA	NA	0.595011828895
